wind_data/run_output_for_Fig07d/deposit_thickness_mm.txt
NCOLS    90
NROWS    50
XLLCORNER    225.000
YLLCORNER     32.500
CELLSIZE      0.500     0.500
NODATA_VALUE  0.000
[rows 0 to 33 of 50, columns 0 to 75 of 90]
0.000 0.000 0.000 0.000 0.000 0.000 0.000 0.000 0.000 0.000 0.000 0.000 0.000 0.000 0.000 0.000 0.000 0.000 0.000 0.000 0.000 0.000 0.000 0.000 0.000 0.000 0.000 0.000 0.000 0.000 0.000 0.000 0.000 0.000 0.000 0.000 0.000 0.000 0.000 0.000 0.000 0.000 0.000 0.000 0.000 0.000 0.000 0.000 0.000 0.000 0.000 0.000 0.000 0.000 0.000 0.000 0.000 0.000 0.000 0.000 0.000 0.000 0.000 0.000 0.000 0.000 0.000 0.000 0.000 0.000 0.000 0.000 0.000 0.000 0.000 0.000
0.000 0.000 0.000 0.000 0.000 0.000 0.000 0.000 0.000 0.000 0.000 0.000 0.000 0.000 0.000 0.000 0.000 0.000 0.000 0.000 0.000 0.001 0.001 0.001 0.001 0.001 0.002 0.002 0.002 0.002 0.002 0.002 0.002 0.001 0.001 0.001 0.001 0.001 0.001 0.001 0.001 0.001 0.001 0.001 0.001 0.001 0.001 0.001 0.001 0.000 0.000 0.000 0.000 0.000 0.000 0.000 0.000 0.000 0.000 0.000 0.000 0.000 0.000 0.000 0.000 0.000 0.000 0.000 0.000 0.000 0.000 0.000 0.000 0.000 0.000 0.000
0.000 0.000 0.000 0.000 0.000 0.000 0.000 0.000 0.000 0.000 0.000 0.000 0.000 0.000 0.000 0.000 0.000 0.000 0.000 0.000 0.001 0.002 0.004 0.006 0.008 0.010 0.012 0.015 0.018 0.021 0.023 0.025 0.028 0.031 0.034 0.036 0.037 0.037 0.035 0.033 0.030 0.026 0.023 0.020 0.017 0.015 0.012 0.009 0.007 0.005 0.004 0.003 0.002 0.001 0.001 0.000 0.000 0.000 0.000 0.000 0.000 0.000 0.000 0.000 0.000 0.000 0.000 0.000 0.000 0.000 0.000 0.000 0.000 0.000 0.000 0.000
0.000 0.000 0.000 0.000 0.000 0.000 0.000 0.000 0.000 0.000 0.000 0.000 0.000 0.000 0.000 0.000 0.000 0.000 0.000 0.001 0.003 0.006 0.012 0.020 0.030 0.039 0.048 0.059 0.073 0.088 0.101 0.114 0.128 0.143 0.159 0.171 0.175 0.174 0.169 0.160 0.147 0.130 0.113 0.096 0.080 0.064 0.050 0.039 0.029 0.021 0.015 0.010 0.007 0.005 0.003 0.002 0.001 0.001 0.000 0.000 0.000 0.000 0.000 0.000 0.000 0.000 0.000 0.000 0.000 0.000 0.000 0.000 0.000 0.000 0.000 0.000
0.000 0.000 0.000 0.000 0.000 0.000 0.000 0.000 0.000 0.000 0.000 0.000 0.000 0.000 0.000 0.001 0.001 0.001 0.001 0.002 0.006 0.014 0.029 0.051 0.080 0.110 0.142 0.178 0.220 0.268 0.315 0.362 0.409 0.457 0.501 0.529 0.532 0.521 0.507 0.486 0.448 0.396 0.339 0.283 0.228 0.177 0.135 0.101 0.075 0.053 0.037 0.026 0.018 0.013 0.008 0.006 0.004 0.002 0.001 0.001 0.001 0.000 0.000 0.000 0.000 0.000 0.000 0.000 0.000 0.000 0.000 0.000 0.000 0.000 0.000 0.000
0.000 0.000 0.000 0.000 0.000 0.000 0.000 0.000 0.000 0.000 0.000 0.000 0.000 0.000 0.001 0.001 0.001 0.002 0.002 0.005 0.012 0.026 0.056 0.103 0.167 0.236 0.309 0.392 0.487 0.599 0.722 0.851 0.981 1.112 1.225 1.314 1.363 1.368 1.336 1.261 1.133 0.981 0.823 0.669 0.525 0.398 0.297 0.218 0.157 0.110 0.077 0.053 0.037 0.025 0.017 0.011 0.007 0.005 0.003 0.002 0.001 0.001 0.001 0.000 0.000 0.000 0.000 0.000 0.000 0.000 0.000 0.000 0.000 0.000 0.000 0.000
0.000 0.000 0.000 0.000 0.000 0.000 0.000 0.000 0.000 0.000 0.000 0.000 0.000 0.000 0.001 0.002 0.002 0.004 0.005 0.009 0.020 0.044 0.093 0.172 0.288 0.446 0.640 0.866 1.129 1.447 1.794 2.136 2.448 2.742 3.014 3.200 3.250 3.220 3.098 2.859 2.513 2.120 1.730 1.371 1.051 0.781 0.573 0.414 0.291 0.200 0.136 0.092 0.062 0.041 0.027 0.017 0.011 0.008 0.005 0.003 0.002 0.001 0.001 0.001 0.000 0.000 0.000 0.000 0.000 0.000 0.000 0.000 0.000 0.000 0.000 0.000
0.000 0.000 0.000 0.000 0.000 0.000 0.000 0.000 0.000 0.000 0.000 0.000 0.000 0.000 0.001 0.002 0.003 0.005 0.009 0.015 0.031 0.066 0.138 0.258 0.484 0.828 1.254 1.744 2.312 2.982 3.727 4.486 5.215 5.844 6.335 6.681 6.846 6.748 6.368 5.719 4.896 4.046 3.245 2.523 1.896 1.383 0.994 0.703 0.484 0.324 0.212 0.139 0.091 0.059 0.038 0.025 0.016 0.011 0.007 0.004 0.003 0.002 0.001 0.001 0.000 0.000 0.000 0.000 0.000 0.000 0.000 0.000 0.000 0.000 0.000 0.000
0.000 0.000 0.000 0.000 0.000 0.000 0.000 0.000 0.000 0.000 0.000 0.000 0.000 0.000 0.001 0.002 0.003 0.006 0.012 0.023 0.045 0.093 0.189 0.385 0.776 1.352 2.091 3.049 4.242 5.695 7.384 9.065 10.616 11.828 12.653 12.989 12.926 12.438 11.502 10.135 8.532 6.973 5.543 4.260 3.155 2.263 1.594 1.101 0.742 0.486 0.314 0.204 0.133 0.085 0.053 0.033 0.020 0.012 0.007 0.004 0.003 0.002 0.001 0.001 0.000 0.000 0.000 0.000 0.000 0.000 0.000 0.000 0.000 0.000 0.000 0.000
0.000 0.000 0.000 0.000 0.000 0.000 0.000 0.000 0.000 0.000 0.000 0.000 0.000 0.000 0.000 0.001 0.003 0.007 0.014 0.028 0.056 0.118 0.254 0.562 1.139 2.045 3.447 5.312 7.614 10.310 13.280 16.314 19.027 21.091 22.228 22.536 22.104 20.851 18.855 16.276 13.593 11.061 8.761 6.694 4.913 3.485 2.418 1.653 1.111 0.737 0.477 0.304 0.191 0.117 0.070 0.041 0.024 0.014 0.008 0.004 0.002 0.001 0.001 0.001 0.001 0.001 0.001 0.001 0.001 0.001 0.000 0.000 0.000 0.000 0.000 0.000
0.000 0.000 0.000 0.000 0.000 0.000 0.000 0.000 0.000 0.000 0.000 0.000 0.000 0.000 0.000 0.001 0.003 0.007 0.015 0.032 0.066 0.147 0.346 0.782 1.649 3.215 5.535 8.628 12.492 17.059 21.942 26.687 30.847 33.944 35.187 35.136 34.086 31.922 28.569 24.519 20.418 16.601 13.114 10.035 7.371 5.235 3.653 2.508 1.688 1.117 0.712 0.439 0.266 0.156 0.090 0.051 0.028 0.016 0.009 0.005 0.003 0.003 0.003 0.004 0.004 0.004 0.003 0.003 0.002 0.002 0.001 0.001 0.001 0.001 0.000 0.000
0.000 0.000 0.000 0.000 0.000 0.000 0.000 0.000 0.000 0.000 0.000 0.000 0.000 0.000 0.000 0.001 0.003 0.007 0.016 0.035 0.077 0.182 0.447 1.105 2.494 4.905 8.579 13.553 19.524 26.124 32.874 39.408 45.269 49.287 50.701 50.370 48.840 45.723 40.932 35.315 29.607 24.280 19.298 14.816 10.996 7.878 5.515 3.779 2.536 1.675 1.067 0.657 0.391 0.228 0.131 0.074 0.041 0.026 0.021 0.022 0.022 0.021 0.019 0.016 0.013 0.010 0.008 0.006 0.005 0.003 0.002 0.002 0.001 0.001 0.001 0.000
0.000 0.000 0.000 0.000 0.000 0.000 0.000 0.000 0.000 0.000 0.000 0.000 0.000 0.000 0.000 0.001 0.003 0.007 0.017 0.036 0.083 0.210 0.582 1.552 3.634 7.315 12.835 20.001 28.296 37.067 45.808 54.091 61.355 66.062 67.682 67.511 65.811 62.081 56.396 49.313 41.848 34.740 27.938 21.639 16.142 11.607 8.158 5.636 3.829 2.511 1.617 1.021 0.617 0.375 0.236 0.164 0.129 0.110 0.094 0.079 0.065 0.053 0.041 0.031 0.023 0.017 0.012 0.008 0.006 0.004 0.003 0.002 0.001 0.001 0.001 0.000
0.000 0.000 0.000 0.000 0.000 0.000 0.000 0.000 0.000 0.000 0.000 0.000 0.000 0.000 0.000 0.001 0.003 0.008 0.018 0.042 0.099 0.258 0.740 2.114 5.195 10.515 18.087 27.530 38.095 48.929 59.330 69.149 77.718 83.444 86.273 86.948 85.922 81.894 75.195 66.775 57.441 47.972 38.653 30.072 22.531 16.457 11.715 8.207 5.626 3.723 2.437 1.599 1.051 0.748 0.568 0.442 0.343 0.266 0.206 0.156 0.116 0.083 0.058 0.039 0.026 0.017 0.011 0.007 0.005 0.003 0.002 0.001 0.001 0.000 0.000 0.000
0.000 0.000 0.000 0.000 0.000 0.000 0.000 0.000 0.000 0.000 0.000 0.000 0.000 0.000 0.001 0.001 0.003 0.008 0.020 0.045 0.107 0.292 0.893 2.771 7.077 14.412 24.178 35.639 48.100 60.760 72.687 83.878 93.572 100.694 105.271 107.160 106.388 102.299 94.881 85.372 74.661 62.968 51.072 39.907 30.116 22.301 16.142 11.464 8.045 5.539 3.851 2.761 2.001 1.498 1.127 0.841 0.613 0.439 0.307 0.208 0.137 0.088 0.055 0.033 0.020 0.011 0.006 0.004 0.002 0.001 0.001 0.000 0.000 0.000 0.000 0.000
0.000 0.000 0.000 0.000 0.000 0.000 0.000 0.000 0.000 0.000 0.000 0.000 0.000 0.000 0.001 0.001 0.004 0.009 0.023 0.053 0.129 0.360 1.154 3.770 9.787 18.736 29.980 43.128 57.350 71.561 84.708 96.732 107.339 115.705 121.384 124.071 123.428 120.156 114.660 105.668 93.530 79.251 64.184 50.248 38.511 29.157 21.782 16.103 11.808 8.621 6.313 4.619 3.322 2.405 1.711 1.177 0.793 0.517 0.323 0.196 0.115 0.065 0.035 0.018 0.009 0.005 0.002 0.001 0.001 0.000 0.000 0.000 0.000 0.000 0.000 0.000
0.000 0.000 0.000 0.000 0.000 0.000 0.000 0.000 0.000 0.000 0.000 0.000 0.000 0.000 0.000 0.001 0.004 0.011 0.028 0.070 0.188 0.559 1.802 5.611 13.166 23.301 35.638 50.231 65.782 81.058 94.626 106.852 117.656 126.169 132.576 135.654 137.696 139.811 137.734 128.882 113.725 95.504 77.239 61.195 48.525 38.442 30.280 23.300 17.563 12.870 9.322 6.612 4.543 3.086 2.017 1.278 0.781 0.461 0.261 0.139 0.069 0.033 0.015 0.007 0.003 0.001 0.001 0.000 0.000 0.000 0.000 0.000 0.000 0.000 0.000 0.000
0.000 0.000 0.000 0.000 0.000 0.000 0.000 0.000 0.000 0.000 0.000 0.000 0.000 0.000 0.000 0.002 0.005 0.015 0.043 0.120 0.347 1.010 3.006 8.169 16.804 27.284 40.403 56.164 72.846 88.594 101.828 113.621 123.522 132.022 138.713 146.524 158.986 167.794 166.606 153.715 132.742 110.050 90.285 74.464 62.034 51.201 41.421 32.059 23.818 16.944 11.825 7.962 5.110 3.202 1.915 1.098 0.611 0.323 0.153 0.066 0.027 0.011 0.004 0.002 0.001 0.000 0.000 0.000 0.000 0.000 0.000 0.000 0.000 0.000 0.000 0.000
0.000 0.000 0.000 0.000 0.000 0.000 0.000 0.000 0.000 0.000 0.000 0.000 0.000 0.000 0.001 0.002 0.008 0.027 0.083 0.245 0.700 1.900 4.912 11.289 20.366 31.155 44.798 61.702 79.923 95.712 108.549 118.652 127.556 135.983 148.825 172.018 194.829 204.711 196.143 174.456 147.454 123.361 105.141 90.174 77.318 64.709 52.224 39.581 28.594 19.389 12.755 7.843 4.709 2.674 1.400 0.735 0.355 0.148 0.057 0.020 0.007 0.003 0.001 0.001 0.000 0.000 0.000 0.000 0.000 0.000 0.000 0.000 0.000 0.000 0.000 0.000
0.000 0.000 0.000 0.000 0.000 0.000 0.000 0.000 0.000 0.000 0.000 0.000 0.000 0.000 0.001 0.004 0.015 0.052 0.165 0.491 1.361 3.376 7.488 14.676 23.967 35.005 49.701 68.170 87.336 104.098 115.813 124.637 133.368 149.722 182.227 219.466 241.321 241.581 220.580 189.281 158.643 135.514 118.830 104.604 90.327 75.119 59.139 43.295 29.350 18.601 11.052 6.235 3.388 1.623 0.777 0.338 0.126 0.043 0.012 0.004 0.002 0.001 0.000 0.000 0.000 0.000 0.000 0.000 0.000 0.000 0.000 0.000 0.000 0.000 0.000 0.000
0.000 0.000 0.000 0.000 0.000 0.000 0.000 0.000 0.000 0.000 0.000 0.000 0.000 0.000 0.002 0.007 0.028 0.096 0.304 0.901 2.386 5.367 10.507 18.066 27.529 39.012 54.179 73.898 95.254 112.912 124.034 133.980 151.549 190.732 241.738 279.141 289.095 272.034 233.498 192.293 161.601 142.265 128.199 114.019 97.486 78.293 58.462 39.898 24.830 14.113 7.271 3.675 1.607 0.685 0.262 0.083 0.023 0.006 0.002 0.001 0.000 0.000 0.000 0.000 0.000 0.000 0.000 0.000 0.000 0.000 0.000 0.000 0.000 0.000 0.000 0.000
0.000 0.000 0.000 0.000 0.000 0.000 0.000 0.000 0.000 0.000 0.000 0.000 0.000 0.000 0.003 0.012 0.047 0.160 0.500 1.465 3.646 7.358 12.937 20.527 30.053 41.605 57.766 81.851 106.256 123.759 134.300 150.449 192.339 255.199 309.982 336.731 322.029 274.448 219.776 180.201 156.645 143.271 131.459 115.950 95.702 72.821 50.427 30.512 16.433 7.706 3.414 1.340 0.477 0.140 0.037 0.008 0.002 0.001 0.000 0.000 0.000 0.000 0.000 0.000 0.000 0.000 0.000 0.000 0.000 0.000 0.000 0.000 0.000 0.000 0.000 0.000
0.000 0.000 0.000 0.000 0.000 0.000 0.000 0.000 0.000 0.000 0.000 0.000 0.000 0.001 0.004 0.019 0.070 0.230 0.699 1.962 4.470 8.307 13.777 21.282 31.052 44.360 66.161 98.345 124.623 140.754 151.689 179.822 243.691 317.633 361.664 354.966 303.406 238.126 187.675 159.548 146.488 138.490 127.120 108.984 84.974 58.596 34.980 17.717 7.766 2.890 0.945 0.257 0.051 0.009 0.001 0.000 0.000 0.000 0.000 0.000 0.000 0.000 0.000 0.000 0.000 0.000 0.000 0.000 0.000 0.000 0.000 0.000 0.000 0.000 0.000 0.000
0.000 0.000 0.000 0.000 0.000 0.000 0.000 0.000 0.000 0.000 0.000 0.000 0.000 0.001 0.006 0.024 0.084 0.263 0.778 2.109 4.581 8.171 13.316 21.268 34.188 54.532 90.656 134.390 159.257 168.360 177.047 216.193 285.819 342.474 351.803 308.968 241.807 183.145 149.998 138.554 134.135 127.442 112.461 88.773 61.354 36.001 17.391 6.899 2.388 0.647 0.147 0.016 0.000 0.000 0.000 0.000 0.000 0.000 0.000 0.000 0.000 0.000 0.000 0.000 0.000 0.000 0.000 0.000 0.000 0.000 0.000 0.000 0.000 0.000 0.000 0.000
0.000 0.000 0.000 0.000 0.000 0.000 0.000 0.000 0.000 0.000 0.000 0.000 0.000 0.001 0.006 0.026 0.087 0.264 0.761 1.962 4.031 7.024 12.058 22.410 46.208 89.246 156.855 210.685 226.422 217.669 210.828 248.540 294.834 308.818 283.718 228.425 171.674 136.131 123.494 121.601 117.438 104.152 82.648 56.910 32.596 15.668 6.338 2.272 0.719 0.184 0.031 0.001 0.000 0.000 0.000 0.000 0.000 0.000 0.000 0.000 0.000 0.000 0.000 0.000 0.000 0.000 0.000 0.000 0.000 0.000 0.000 0.000 0.000 0.000 0.000 0.000
0.000 0.000 0.000 0.000 0.000 0.000 0.000 0.000 0.000 0.000 0.000 0.000 0.000 0.001 0.005 0.019 0.062 0.184 0.521 1.362 2.837 5.260 11.436 33.306 91.834 189.988 312.309 367.910 362.969 306.968 263.329 261.258 267.682 245.273 201.778 157.836 126.568 111.542 107.133 102.269 90.719 72.260 49.317 28.402 14.192 6.410 2.660 1.005 0.327 0.086 0.013 0.000 0.000 0.000 0.000 0.000 0.000 0.000 0.000 0.000 0.000 0.000 0.000 0.000 0.000 0.000 0.000 0.000 0.000 0.000 0.000 0.000 0.000 0.000 0.000 0.000
0.000 0.000 0.000 0.000 0.000 0.000 0.000 0.000 0.000 0.000 0.000 0.000 0.000 0.001 0.003 0.011 0.035 0.103 0.290 0.769 1.654 3.520 12.319 64.898 196.106 403.045 590.929 635.836 569.179 424.691 314.988 259.363 219.716 186.127 149.135 124.406 107.861 97.536 89.926 79.003 62.581 43.061 25.764 13.901 7.056 3.334 1.422 0.548 0.178 0.045 0.005 0.000 0.000 0.000 0.000 0.000 0.000 0.000 0.000 0.000 0.000 0.000 0.000 0.000 0.000 0.000 0.000 0.000 0.000 0.000 0.000 0.000 0.000 0.000 0.000 0.000
0.000 0.000 0.000 0.000 0.000 0.000 0.000 0.000 0.000 0.000 0.000 0.000 0.000 0.000 0.001 0.005 0.018 0.049 0.129 0.326 0.718 1.905 12.235 104.051 308.044 694.159 941.476 947.802 751.938 500.463 331.995 236.109 186.223 154.642 126.600 109.420 95.043 82.748 70.606 55.736 39.086 24.726 14.647 8.219 4.249 1.978 0.838 0.316 0.101 0.024 0.002 0.000 0.000 0.000 0.000 0.000 0.000 0.000 0.000 0.000 0.000 0.000 0.000 0.000 0.000 0.000 0.000 0.000 0.000 0.000 0.000 0.000 0.000 0.000 0.000 0.000
0.000 0.000 0.000 0.000 0.000 0.000 0.000 0.000 0.000 0.000 0.000 0.000 0.000 0.000 0.001 0.002 0.007 0.020 0.041 0.085 0.190 0.731 9.225 111.201 329.982 896.858 1193.858 1097.115 782.543 482.176 298.131 204.361 156.888 130.329 109.752 95.160 79.687 65.332 51.149 37.022 24.851 15.887 9.655 5.433 2.759 1.260 0.523 0.194 0.062 0.015 0.002 0.000 0.000 0.000 0.000 0.000 0.000 0.000 0.000 0.000 0.000 0.000 0.000 0.000 0.000 0.000 0.000 0.000 0.000 0.000 0.000 0.000 0.000 0.000 0.000 0.000
0.000 0.000 0.000 0.000 0.000 0.000 0.000 0.000 0.000 0.000 0.000 0.000 0.000 0.000 0.000 0.001 0.002 0.006 0.010 0.018 0.036 0.144 3.507 62.557 256.182 857.453 1073.839 913.053 597.981 336.068 202.331 144.972 119.629 105.468 93.186 77.813 62.467 48.414 36.217 25.801 17.409 11.215 6.770 3.720 1.834 0.813 0.333 0.122 0.041 0.010 0.001 0.000 0.000 0.000 0.000 0.000 0.000 0.000 0.000 0.000 0.000 0.000 0.000 0.000 0.000 0.000 0.000 0.000 0.000 0.000 0.000 0.000 0.000 0.000 0.000 0.000
0.000 0.000 0.000 0.000 0.000 0.000 0.000 0.000 0.000 0.000 0.000 0.000 0.000 0.000 0.000 0.000 0.000 0.001 0.002 0.003 0.006 0.016 0.344 11.465 139.888 274.013 369.689 370.872 274.131 174.782 120.763 99.631 92.604 86.077 74.768 60.581 46.907 35.907 26.902 19.122 12.829 8.136 4.773 2.554 1.214 0.539 0.215 0.080 0.026 0.006 0.001 0.000 0.000 0.000 0.000 0.000 0.000 0.000 0.000 0.000 0.000 0.000 0.000 0.000 0.000 0.000 0.000 0.000 0.000 0.000 0.000 0.000 0.000 0.000 0.000 0.000
0.000 0.000 0.000 0.000 0.000 0.000 0.000 0.000 0.000 0.000 0.000 0.000 0.000 0.000 0.000 0.000 0.000 0.000 0.000 0.000 0.001 0.002 0.023 1.261 16.194 78.165 150.965 168.296 135.295 96.641 79.648 74.810 71.851 66.703 57.360 45.524 35.446 27.242 20.170 14.057 9.189 5.644 3.215 1.666 0.794 0.349 0.141 0.052 0.016 0.003 0.000 0.000 0.000 0.000 0.000 0.000 0.000 0.000 0.000 0.000 0.000 0.000 0.000 0.000 0.000 0.000 0.000 0.000 0.000 0.000 0.000 0.000 0.000 0.000 0.000 0.000
0.000 0.000 0.000 0.000 0.000 0.000 0.000 0.000 0.000 0.000 0.000 0.000 0.000 0.000 0.000 0.000 0.000 0.000 0.000 0.000 0.000 0.000 0.001 0.033 0.695 6.168 19.004 32.883 42.666 47.912 51.527 53.261 52.382 48.256 41.199 33.124 25.925 19.698 14.273 9.703 6.152 3.678 2.055 1.069 0.519 0.234 0.098 0.037 0.011 0.002 0.000 0.000 0.000 0.000 0.000 0.000 0.000 0.000 0.000 0.000 0.000 0.000 0.000 0.000 0.000 0.000 0.000 0.000 0.000 0.000 0.000 0.000 0.000 0.000 0.000 0.000
0.000 0.000 0.000 0.000 0.000 0.000 0.000 0.000 0.000 0.000 0.000 0.000 0.000 0.000 0.000 0.000 0.000 0.000 0.000 0.000 0.000 0.000 0.000 0.001 0.025 0.375 2.903 9.626 18.578 27.374 33.357 36.250 35.892 32.734 27.926 22.580 17.598 13.109 9.281 6.136 3.781 2.223 1.238 0.651 0.326 0.154 0.069 0.028 0.009 0.002 0.000 0.000 0.000 0.000 0.000 0.000 0.000 0.000 0.000 0.000 0.000 0.000 0.000 0.000 0.000 0.000 0.000 0.000 0.000 0.000 0.000 0.000 0.000 0.000 0.000 0.000
