DepositFiles/ESRI_ASCII/MZRun032.txt
NCOLS    90
NROWS    50
XLLCORNER         225.000
YLLCORNER          32.500
CELLSIZE           0.500          0.500
NODATA_VALUE  0.000
[rows 0 to 33 of 50, columns 0 to 75 of 90]
0.000 0.000 0.000 0.000 0.000 0.000 0.000 0.000 0.000 0.000 0.000 0.000 0.000 0.000 0.000 0.000 0.002 0.009 0.037 0.099 0.196 0.316 0.458 0.620 0.796 0.979 1.177 1.390 1.621 1.858 2.093 2.344 2.617 2.922 3.242 3.563 3.894 4.247 4.627 5.004 5.355 5.686 6.009 6.320 6.597 6.813 6.978 7.099 7.169 7.178 7.115 6.995 6.831 6.628 6.378 6.088 5.791 5.492 5.187 4.871 4.553 4.260 3.987 3.721 3.453 3.191 2.958 2.743 2.531 2.312 2.099 1.909 1.737 1.571 1.409 1.259
0.000 0.000 0.000 0.000 0.000 0.000 0.000 0.000 0.000 0.000 0.000 0.000 0.000 0.000 0.000 0.001 0.004 0.018 0.070 0.171 0.301 0.458 0.641 0.850 1.076 1.308 1.554 1.818 2.106 2.404 2.698 3.005 3.336 3.703 4.090 4.472 4.858 5.265 5.698 6.126 6.525 6.895 7.245 7.573 7.858 8.074 8.224 8.309 8.338 8.303 8.187 8.001 7.765 7.486 7.157 6.795 6.433 6.075 5.714 5.344 4.979 4.646 4.339 4.042 3.747 3.464 3.217 3.000 2.795 2.591 2.397 2.228 2.081 1.940 1.797 1.658
0.000 0.000 0.000 0.000 0.000 0.000 0.000 0.000 0.000 0.000 0.000 0.000 0.000 0.001 0.002 0.004 0.013 0.050 0.149 0.298 0.476 0.685 0.927 1.201 1.495 1.793 2.104 2.437 2.800 3.178 3.553 3.941 4.356 4.814 5.296 5.773 6.246 6.733 7.238 7.733 8.191 8.606 8.982 9.320 9.600 9.796 9.901 9.928 9.891 9.774 9.565 9.283 8.950 8.569 8.140 7.685 7.238 6.802 6.367 5.926 5.494 5.104 4.747 4.405 4.067 3.743 3.463 3.219 2.990 2.765 2.553 2.372 2.219 2.076 1.936 1.799
0.000 0.000 0.000 0.000 0.000 0.000 0.000 0.000 0.000 0.000 0.000 0.000 0.001 0.002 0.005 0.012 0.037 0.119 0.276 0.482 0.721 0.993 1.305 1.657 2.032 2.408 2.796 3.212 3.664 4.139 4.613 5.097 5.611 6.172 6.759 7.339 7.905 8.473 9.044 9.597 10.107 10.556 10.940 11.257 11.497 11.639 11.675 11.626 11.495 11.273 10.954 10.565 10.122 9.628 9.091 8.536 8.001 7.485 6.974 6.460 5.960 5.511 5.104 4.718 4.338 3.977 3.666 3.397 3.148 2.906 2.677 2.483 2.319 2.168 2.020 1.876
0.000 0.000 0.000 0.000 0.000 0.000 0.000 0.000 0.000 0.000 0.001 0.001 0.003 0.006 0.013 0.035 0.101 0.243 0.461 0.738 1.050 1.397 1.791 2.235 2.707 3.179 3.661 4.174 4.733 5.323 5.917 6.515 7.142 7.816 8.515 9.206 9.869 10.514 11.141 11.742 12.288 12.743 13.095 13.351 13.513 13.575 13.529 13.382 13.137 12.787 12.337 11.820 11.249 10.637 9.988 9.331 8.707 8.110 7.525 6.940 6.374 5.869 5.416 4.990 4.574 4.181 3.844 3.556 3.294 3.042 2.804 2.603 2.433 2.276 2.122 1.970
0.000 0.000 0.000 0.000 0.000 0.000 0.000 0.000 0.000 0.001 0.002 0.003 0.006 0.014 0.037 0.098 0.222 0.429 0.719 1.082 1.483 1.920 2.411 2.964 3.554 4.143 4.738 5.370 6.057 6.787 7.523 8.256 9.013 9.813 10.634 11.441 12.204 12.921 13.597 14.228 14.782 15.204 15.489 15.653 15.713 15.680 15.535 15.271 14.886 14.384 13.788 13.129 12.427 11.695 10.933 10.172 9.455 8.775 8.113 7.458 6.828 6.268 5.769 5.305 4.856 4.434 4.075 3.772 3.501 3.243 3.000 2.792 2.614 2.451 2.290 2.130
0.000 0.000 0.000 0.000 0.000 0.000 0.000 0.000 0.001 0.002 0.003 0.007 0.016 0.041 0.104 0.221 0.413 0.693 1.068 1.533 2.039 2.582 3.188 3.869 4.598 5.327 6.058 6.832 7.672 8.565 9.465 10.353 11.257 12.193 13.142 14.068 14.929 15.714 16.424 17.058 17.585 17.944 18.139 18.188 18.139 18.007 17.754 17.357 16.820 16.156 15.399 14.597 13.768 12.917 12.043 11.178 10.367 9.602 8.864 8.138 7.445 6.831 6.286 5.787 5.314 4.875 4.508 4.204 3.937 3.683 3.438 3.220 3.030 2.852 2.675 2.495
0.000 0.000 0.000 0.000 0.000 0.000 0.000 0.001 0.002 0.003 0.007 0.018 0.048 0.113 0.230 0.416 0.683 1.050 1.525 2.108 2.737 3.403 4.142 4.970 5.859 6.749 7.640 8.578 9.592 10.668 11.748 12.807 13.871 14.949 16.024 17.064 18.014 18.849 19.566 20.170 20.630 20.897 20.979 20.914 20.761 20.525 20.151 19.610 18.904 18.056 17.136 16.201 15.254 14.288 13.304 12.337 11.436 10.594 9.795 9.024 8.301 7.674 7.131 6.646 6.193 5.763 5.392 5.071 4.775 4.486 4.199 3.932 3.690 3.462 3.240 3.019
0.000 0.000 0.000 0.000 0.000 0.000 0.001 0.001 0.003 0.008 0.022 0.057 0.127 0.243 0.426 0.687 1.043 1.511 2.102 2.821 3.590 4.397 5.287 6.282 7.354 8.428 9.503 10.630 11.840 13.116 14.393 15.638 16.868 18.084 19.274 20.408 21.421 22.278 22.963 23.476 23.806 23.962 23.939 23.779 23.518 23.158 22.642 21.929 21.022 19.991 18.937 17.898 16.857 15.808 14.753 13.733 12.791 11.930 11.124 10.351 9.616 8.951 8.349 7.798 7.276 6.784 6.342 5.949 5.586 5.236 4.889 4.562 4.263 3.982 3.713 3.451
0.000 0.000 0.000 0.000 0.000 0.001 0.001 0.003 0.009 0.027 0.068 0.143 0.260 0.434 0.689 1.039 1.496 2.079 2.801 3.672 4.597 5.563 6.625 7.807 9.087 10.374 11.660 13.003 14.436 15.934 17.424 18.869 20.269 21.618 22.907 24.110 25.157 25.985 26.568 26.918 27.123 27.187 27.090 26.837 26.442 25.920 25.220 24.297 23.196 22.041 20.898 19.792 18.703 17.620 16.552 15.512 14.534 13.607 12.688 11.788 10.919 10.117 9.391 8.736 8.129 7.553 7.022 6.540 6.096 5.674 5.264 4.881 4.532 4.209 3.908 3.624
0.000 0.000 0.000 0.000 0.000 0.001 0.004 0.012 0.033 0.079 0.159 0.276 0.445 0.684 1.025 1.482 2.055 2.768 3.639 4.681 5.786 6.936 8.200 9.602 11.126 12.664 14.200 15.799 17.489 19.235 20.961 22.618 24.193 25.668 27.038 28.280 29.317 30.060 30.490 30.691 30.800 30.802 30.641 30.266 29.702 28.977 28.061 26.926 25.709 24.478 23.279 22.137 20.996 19.841 18.669 17.461 16.280 15.125 14.003 12.914 11.857 10.870 9.981 9.184 8.451 7.762 7.129 6.560 6.047 5.575 5.133 4.728 4.363 4.030 3.726 3.446
0.000 0.000 0.000 0.001 0.002 0.005 0.016 0.040 0.089 0.170 0.290 0.453 0.681 1.001 1.452 2.034 2.740 3.606 4.653 5.898 7.217 8.589 10.097 11.765 13.580 15.414 17.246 19.146 21.133 23.154 25.129 26.998 28.735 30.320 31.749 32.987 33.976 34.583 34.856 34.949 35.007 34.981 34.741 34.211 33.445 32.488 31.351 30.107 28.842 27.562 26.292 24.997 23.595 22.143 20.656 19.170 17.690 16.214 14.774 13.390 12.082 10.897 9.853 8.929 8.100 7.344 6.659 6.048 5.504 5.012 4.561 4.153 3.790 3.465 3.173 2.914
0.000 0.000 0.001 0.002 0.007 0.020 0.047 0.095 0.172 0.289 0.452 0.672 0.976 1.397 1.975 2.700 3.562 4.608 5.862 7.342 8.911 10.546 12.343 14.324 16.474 18.648 20.818 23.056 25.360 27.662 29.877 31.942 33.830 35.512 36.963 38.162 39.055 39.476 39.660 39.716 39.772 39.719 39.342 38.624 37.617 36.441 35.198 33.885 32.486 30.933 29.328 27.633 25.828 23.933 21.973 20.005 18.077 16.230 14.500 12.901 11.461 10.188 9.065 8.076 7.196 6.400 5.680 5.035 4.462 3.955 3.509 3.124 2.793 2.510 2.267 2.064
0.000 0.001 0.003 0.008 0.022 0.049 0.094 0.166 0.274 0.432 0.648 0.936 1.332 1.868 2.588 3.474 4.514 5.766 7.254 8.998 10.852 12.787 14.914 17.250 19.774 22.319 24.857 27.454 30.085 32.671 35.123 37.376 39.394 41.132 42.557 43.680 44.333 44.681 44.881 44.989 45.059 44.907 44.335 43.413 42.132 40.811 39.334 37.702 35.875 33.863 31.702 29.380 26.926 24.422 21.953 19.593 17.350 15.261 13.348 11.625 10.108 8.761 7.567 6.514 5.593 4.789 4.092 3.500 3.003 2.584 2.233 1.941 1.699 1.497 1.330 1.195
0.000 0.002 0.007 0.020 0.045 0.088 0.153 0.250 0.393 0.598 0.877 1.245 1.742 2.404 3.279 4.342 5.578 7.054 8.796 10.826 12.991 15.263 17.763 20.500 23.440 26.399 29.347 32.339 35.317 38.198 40.881 43.309 45.430 47.171 48.519 49.386 49.966 50.415 50.754 50.931 50.941 50.563 49.776 48.479 46.813 45.077 43.178 40.938 38.339 35.532 32.626 29.622 26.564 23.577 20.763 18.137 15.638 13.289 11.157 9.322 7.767 6.434 5.309 4.373 3.596 2.950 2.414 1.973 1.616 1.328 1.099 0.917 0.774 0.660 0.571 0.504
0.000 0.003 0.012 0.034 0.073 0.133 0.221 0.348 0.532 0.793 1.144 1.602 2.210 3.007 4.048 5.300 6.748 8.464 10.484 12.829 15.351 18.022 20.961 24.171 27.597 31.043 34.475 37.918 41.293 44.501 47.439 50.040 52.222 53.935 55.075 55.837 56.572 57.245 57.711 57.860 57.562 56.868 55.413 53.495 51.284 48.785 45.946 42.727 39.236 35.596 31.974 28.406 24.894 21.507 18.281 15.251 12.468 9.991 7.934 6.312 5.007 3.937 3.065 2.366 1.810 1.369 1.025 0.766 0.574 0.435 0.337 0.267 0.217 0.179 0.151 0.130
0.001 0.005 0.019 0.051 0.105 0.185 0.299 0.461 0.692 1.015 1.445 1.999 2.725 3.667 4.880 6.328 8.002 9.984 12.322 15.040 17.989 21.143 24.615 28.400 32.413 36.447 40.453 44.422 48.255 51.841 55.062 57.800 60.032 61.638 62.607 63.571 64.610 65.503 65.901 65.680 64.762 63.184 60.883 57.991 54.672 51.092 47.184 42.918 38.527 34.150 29.912 25.717 21.587 17.692 14.198 11.152 8.532 6.406 4.785 3.547 2.593 1.847 1.282 0.875 0.595 0.412 0.290 0.208 0.153 0.114 0.087 0.067 0.052 0.041 0.032 0.026
0.001 0.006 0.026 0.069 0.138 0.239 0.381 0.580 0.857 1.244 1.751 2.398 3.237 4.318 5.701 7.352 9.275 11.557 14.260 17.396 20.829 24.539 28.620 33.069 37.752 42.458 47.108 51.665 56.011 60.024 63.498 66.380 68.600 69.987 71.196 72.592 73.870 74.754 74.564 73.530 71.496 68.539 64.862 60.730 56.296 51.541 46.507 41.253 35.982 30.832 25.796 21.018 16.695 12.893 9.641 6.961 4.877 3.347 2.234 1.458 0.938 0.608 0.402 0.275 0.194 0.142 0.108 0.083 0.066 0.053 0.043 0.035 0.028 0.023 0.018 0.014
0.001 0.008 0.032 0.086 0.171 0.293 0.461 0.694 1.014 1.457 2.035 2.768 3.713 4.928 6.478 8.341 10.524 13.117 16.196 19.767 23.713 28.017 32.760 37.940 43.356 48.799 54.155 59.369 64.287 68.738 72.433 75.333 77.281 78.968 80.829 82.558 83.871 83.967 82.823 79.993 76.098 71.629 66.725 61.387 55.612 49.567 43.439 37.200 30.969 25.226 20.084 15.498 11.483 8.086 5.378 3.416 2.112 1.285 0.797 0.518 0.357 0.259 0.195 0.152 0.121 0.098 0.081 0.067 0.056 0.046 0.039 0.033 0.028 0.023 0.019 0.015
0.001 0.009 0.038 0.102 0.200 0.339 0.529 0.790 1.147 1.639 2.278 3.092 4.138 5.488 7.204 9.278 11.719 14.625 18.090 22.107 26.599 31.530 36.989 42.946 49.128 55.377 61.538 67.510 73.053 77.864 81.590 84.200 86.588 89.203 91.715 93.378 93.764 92.226 88.568 83.657 78.365 72.531 66.053 59.095 52.064 44.868 37.581 30.752 24.519 18.987 14.177 10.050 6.585 3.939 2.265 1.354 0.860 0.585 0.423 0.321 0.253 0.204 0.166 0.136 0.112 0.093 0.078 0.066 0.055 0.047 0.040 0.034 0.029 0.024 0.020 0.017
0.001 0.010 0.042 0.113 0.222 0.376 0.585 0.872 1.262 1.801 2.505 3.404 4.557 6.044 7.926 10.216 12.919 16.151 20.019 24.510 29.588 35.196 41.417 48.206 55.231 62.438 69.580 76.446 82.667 87.701 91.182 94.379 98.003 101.592 104.065 104.492 102.217 97.570 91.685 85.284 78.011 70.204 62.286 53.989 45.575 37.707 30.412 23.766 17.877 12.828 8.607 5.225 2.932 1.692 1.094 0.788 0.597 0.463 0.363 0.289 0.234 0.192 0.159 0.131 0.109 0.091 0.077 0.065 0.055 0.047 0.040 0.035 0.030 0.025 0.022 0.018
0.001 0.011 0.045 0.120 0.235 0.400 0.625 0.935 1.359 1.945 2.712 3.689 4.941 6.554 8.596 11.100 14.067 17.647 21.939 26.933 32.620 38.911 45.966 53.672 61.682 70.081 78.414 86.331 93.226 98.202 102.333 107.292 112.281 116.052 116.565 113.303 107.439 100.412 92.240 83.583 74.718 65.521 55.778 46.571 38.006 30.183 23.141 16.949 11.681 7.393 4.335 2.466 1.590 1.140 0.860 0.667 0.526 0.418 0.333 0.268 0.218 0.180 0.149 0.124 0.104 0.087 0.074 0.062 0.053 0.045 0.039 0.034 0.029 0.025 0.022 0.019
0.001 0.011 0.045 0.121 0.241 0.412 0.646 0.970 1.415 2.030 2.837 3.866 5.190 6.903 9.081 11.772 14.974 18.872 23.530 28.996 35.251 42.226 50.191 58.763 67.833 77.611 87.312 96.164 103.299 108.976 115.765 123.029 128.272 128.963 124.876 117.863 109.006 99.144 89.042 79.344 68.602 57.931 47.913 38.655 30.253 22.800 16.337 10.917 6.755 3.981 2.483 1.724 1.274 0.970 0.750 0.591 0.471 0.378 0.304 0.246 0.201 0.167 0.139 0.116 0.097 0.082 0.069 0.059 0.050 0.043 0.037 0.032 0.028 0.025 0.021 0.019
0.001 0.011 0.043 0.117 0.236 0.408 0.645 0.974 1.427 2.055 2.879 3.930 5.289 7.059 9.329 12.150 15.544 19.722 24.712 30.638 37.393 45.044 53.748 62.925 73.159 84.282 94.840 104.100 112.146 121.931 132.587 139.639 140.591 135.894 127.642 116.855 105.413 94.328 83.318 71.632 60.188 49.419 39.530 30.616 22.751 16.039 10.598 6.633 4.139 2.742 1.939 1.441 1.101 0.850 0.664 0.528 0.425 0.344 0.279 0.227 0.186 0.155 0.129 0.108 0.091 0.077 0.066 0.056 0.048 0.041 0.036 0.031 0.027 0.024 0.021 0.018
0.001 0.010 0.039 0.107 0.219 0.384 0.613 0.933 1.375 1.989 2.803 3.852 5.229 7.031 9.360 12.272 15.813 20.197 25.470 31.790 38.937 47.255 56.474 66.349 77.850 89.413 100.056 110.442 123.933 139.932 149.923 151.138 145.803 135.791 123.571 110.987 98.684 86.125 74.083 62.346 50.963 40.527 31.192 23.013 16.137 10.760 6.967 4.602 3.136 2.215 1.636 1.248 0.964 0.753 0.594 0.476 0.386 0.314 0.257 0.210 0.174 0.145 0.121 0.102 0.086 0.073 0.063 0.054 0.046 0.040 0.034 0.030 0.026 0.023 0.020 0.018
0.001 0.008 0.031 0.089 0.187 0.334 0.541 0.836 1.249 1.831 2.611 3.627 4.976 6.761 9.102 12.054 15.702 20.241 25.730 32.361 39.881 48.904 58.603 69.556 81.720 92.689 104.140 121.798 144.915 159.601 161.148 154.505 142.023 128.181 114.920 101.690 88.538 75.923 63.894 52.353 41.523 31.852 23.494 16.631 11.364 7.653 5.219 3.614 2.553 1.862 1.406 1.087 0.850 0.670 0.532 0.428 0.349 0.286 0.235 0.194 0.161 0.135 0.113 0.095 0.081 0.069 0.059 0.051 0.044 0.038 0.033 0.029 0.025 0.022 0.019 0.017
0.001 0.005 0.023 0.067 0.146 0.269 0.448 0.706 1.075 1.604 2.324 3.278 4.563 6.279 8.558 11.457 15.104 19.689 25.309 32.112 39.919 49.442 59.620 71.674 83.085 94.096 115.870 147.443 167.899 170.567 161.830 146.172 130.440 116.156 103.328 90.341 77.264 64.828 53.253 42.440 32.593 24.164 17.373 12.220 8.487 5.882 4.105 2.902 2.101 1.568 1.203 0.940 0.741 0.588 0.469 0.379 0.309 0.254 0.209 0.174 0.145 0.121 0.102 0.086 0.073 0.063 0.054 0.046 0.040 0.035 0.030 0.026 0.023 0.020 0.018 0.016
0.000 0.003 0.015 0.046 0.107 0.206 0.353 0.571 0.889 1.352 1.992 2.856 4.031 5.618 7.738 10.449 13.895 18.237 23.630 30.207 37.940 47.592 57.930 70.455 80.449 100.356 142.168 172.263 176.400 165.842 146.218 127.984 113.561 101.893 90.442 77.795 65.176 53.536 42.966 33.349 24.942 18.190 13.086 9.330 6.579 4.616 3.261 2.349 1.736 1.317 1.020 0.803 0.638 0.509 0.408 0.330 0.269 0.221 0.183 0.152 0.127 0.107 0.090 0.076 0.065 0.055 0.048 0.041 0.035 0.031 0.027 0.023 0.020 0.018 0.016 0.014
0.000 0.002 0.009 0.030 0.073 0.148 0.264 0.441 0.703 1.092 1.639 2.386 3.414 4.812 6.686 9.088 12.162 16.054 20.960 26.948 34.202 43.258 53.201 65.564 75.288 109.831 159.117 174.405 159.664 136.896 118.315 106.351 96.751 87.133 76.365 64.449 53.001 42.722 33.610 25.613 18.985 13.920 10.153 7.327 5.211 3.679 2.628 1.920 1.438 1.099 0.857 0.679 0.543 0.436 0.351 0.284 0.232 0.191 0.158 0.132 0.111 0.093 0.079 0.067 0.057 0.048 0.042 0.036 0.031 0.027 0.023 0.020 0.018 0.015 0.013 0.012
0.000 0.001 0.005 0.017 0.046 0.099 0.185 0.321 0.528 0.840 1.285 1.901 2.756 3.927 5.496 7.509 10.098 13.397 17.586 22.719 29.172 36.875 46.079 56.548 66.231 107.372 131.413 125.613 111.922 102.316 95.359 88.740 80.801 71.859 61.960 51.471 41.732 33.196 25.875 19.705 14.733 10.945 8.064 5.846 4.165 2.950 2.125 1.567 1.181 0.908 0.711 0.567 0.456 0.368 0.298 0.243 0.199 0.164 0.135 0.113 0.095 0.080 0.068 0.057 0.049 0.042 0.036 0.031 0.026 0.023 0.020 0.017 0.015 0.013 0.011 0.010
0.000 0.000 0.002 0.009 0.025 0.060 0.119 0.217 0.369 0.605 0.944 1.422 2.090 3.011 4.249 5.848 7.925 10.601 14.019 18.274 23.602 30.085 37.876 46.558 57.166 66.314 74.914 81.527 85.155 84.678 80.034 73.078 65.299 57.238 48.748 40.112 32.334 25.716 20.172 15.529 11.737 8.783 6.484 4.696 3.340 2.370 1.713 1.267 0.957 0.737 0.579 0.462 0.373 0.302 0.247 0.202 0.165 0.136 0.113 0.094 0.079 0.067 0.056 0.048 0.041 0.035 0.030 0.025 0.022 0.019 0.016 0.014 0.012 0.010 0.009 0.008
0.000 0.000 0.001 0.004 0.012 0.031 0.069 0.134 0.239 0.404 0.648 0.997 1.490 2.175 3.105 4.320 5.924 8.030 10.757 14.239 18.641 24.148 30.721 38.682 47.403 56.860 64.989 70.567 72.326 69.784 64.566 58.215 51.566 44.833 37.936 31.114 25.089 20.026 15.789 12.205 9.242 6.911 5.086 3.671 2.606 1.854 1.345 0.996 0.753 0.579 0.454 0.362 0.292 0.237 0.194 0.159 0.130 0.107 0.088 0.073 0.062 0.052 0.044 0.037 0.031 0.027 0.022 0.019 0.016 0.014 0.012 0.010 0.008 0.007 0.006 0.005
0.000 0.000 0.000 0.001 0.005 0.014 0.035 0.075 0.142 0.252 0.419 0.664 1.015 1.509 2.191 3.093 4.308 5.922 8.059 10.812 14.382 18.857 24.396 30.938 38.169 45.484 51.326 55.253 56.340 54.600 50.619 45.575 40.195 34.745 29.223 23.862 19.206 15.336 12.098 9.350 7.070 5.267 3.857 2.769 1.965 1.402 1.019 0.755 0.570 0.437 0.341 0.271 0.218 0.177 0.145 0.119 0.097 0.080 0.066 0.054 0.045 0.038 0.031 0.026 0.022 0.019 0.016 0.013 0.011 0.009 0.008 0.006 0.005 0.004 0.003 0.003
0.000 0.000 0.000 0.000 0.001 0.005 0.015 0.037 0.077 0.146 0.253 0.415 0.651 0.990 1.461 2.095 2.957 4.126 5.687 7.761 10.490 14.042 18.435 23.591 29.342 34.642 39.026 41.799 42.599 41.376 38.415 34.568 30.407 26.176 21.941 17.903 14.426 11.531 9.094 7.014 5.281 3.908 2.839 2.026 1.437 1.027 0.746 0.551 0.414 0.316 0.245 0.194 0.155 0.125 0.103 0.084 0.069 0.056 0.046 0.038 0.031 0.026 0.021 0.018 0.015 0.012 0.010 0.008 0.007 0.005 0.004 0.004 0.003 0.002 0.002 0.001
