DepositFiles/ESRI_ASCII/MZRun030.txt
NCOLS    90
NROWS    50
XLLCORNER         225.000
YLLCORNER          32.500
CELLSIZE           0.500          0.500
NODATA_VALUE  0.000
[rows 0 to 33 of 50, columns 0 to 75 of 90]
0.000 0.000 0.000 0.000 0.000 0.000 0.000 0.000 0.000 0.000 0.000 0.001 0.001 0.003 0.005 0.008 0.011 0.015 0.018 0.023 0.029 0.037 0.046 0.056 0.064 0.074 0.089 0.107 0.127 0.147 0.167 0.192 0.224 0.261 0.298 0.332 0.368 0.408 0.451 0.489 0.518 0.540 0.554 0.555 0.540 0.511 0.476 0.440 0.401 0.361 0.320 0.282 0.249 0.217 0.186 0.157 0.133 0.112 0.092 0.075 0.060 0.047 0.037 0.028 0.021 0.016 0.012 0.009 0.006 0.004 0.003 0.002 0.002 0.001 0.001 0.001
0.000 0.000 0.000 0.000 0.000 0.000 0.000 0.000 0.000 0.000 0.000 0.001 0.002 0.003 0.006 0.010 0.016 0.022 0.029 0.035 0.044 0.057 0.073 0.090 0.106 0.123 0.146 0.176 0.212 0.250 0.288 0.334 0.390 0.456 0.526 0.590 0.656 0.729 0.805 0.874 0.921 0.949 0.957 0.946 0.907 0.850 0.789 0.729 0.667 0.603 0.539 0.480 0.427 0.375 0.325 0.278 0.239 0.205 0.174 0.146 0.121 0.101 0.085 0.070 0.057 0.046 0.037 0.030 0.024 0.019 0.015 0.011 0.009 0.007 0.005 0.004
0.000 0.000 0.000 0.000 0.000 0.000 0.000 0.000 0.000 0.000 0.000 0.001 0.002 0.004 0.008 0.014 0.022 0.033 0.045 0.057 0.071 0.091 0.116 0.147 0.178 0.209 0.248 0.299 0.361 0.432 0.505 0.587 0.686 0.801 0.924 1.041 1.157 1.282 1.407 1.513 1.575 1.595 1.587 1.540 1.460 1.360 1.259 1.166 1.071 0.972 0.872 0.780 0.696 0.615 0.535 0.461 0.398 0.343 0.294 0.248 0.208 0.175 0.148 0.124 0.103 0.085 0.070 0.058 0.048 0.039 0.031 0.025 0.020 0.016 0.013 0.010
0.000 0.000 0.000 0.000 0.000 0.000 0.000 0.000 0.000 0.000 0.000 0.001 0.002 0.006 0.011 0.019 0.031 0.048 0.068 0.088 0.111 0.141 0.182 0.233 0.289 0.345 0.412 0.496 0.601 0.724 0.854 0.996 1.161 1.349 1.549 1.743 1.933 2.127 2.308 2.443 2.501 2.495 2.440 2.334 2.192 2.034 1.886 1.749 1.608 1.459 1.307 1.168 1.042 0.921 0.802 0.692 0.599 0.519 0.447 0.380 0.321 0.273 0.232 0.197 0.165 0.137 0.115 0.097 0.081 0.067 0.055 0.045 0.037 0.030 0.024 0.019
0.000 0.000 0.000 0.000 0.000 0.000 0.000 0.000 0.000 0.000 0.000 0.001 0.003 0.008 0.016 0.026 0.043 0.068 0.100 0.135 0.171 0.219 0.283 0.364 0.461 0.560 0.672 0.811 0.983 1.189 1.410 1.648 1.911 2.201 2.509 2.811 3.104 3.377 3.604 3.744 3.769 3.704 3.564 3.371 3.151 2.924 2.714 2.513 2.304 2.079 1.851 1.644 1.458 1.280 1.109 0.951 0.820 0.709 0.610 0.519 0.440 0.376 0.322 0.275 0.233 0.196 0.166 0.141 0.119 0.100 0.084 0.070 0.058 0.049 0.040 0.033
0.000 0.000 0.000 0.000 0.000 0.000 0.000 0.000 0.000 0.000 0.000 0.001 0.004 0.011 0.022 0.037 0.060 0.095 0.143 0.201 0.262 0.336 0.436 0.564 0.725 0.896 1.084 1.315 1.595 1.927 2.289 2.671 3.076 3.511 3.965 4.412 4.831 5.182 5.426 5.532 5.485 5.311 5.046 4.744 4.431 4.116 3.818 3.524 3.212 2.877 2.541 2.237 1.965 1.712 1.472 1.254 1.075 0.924 0.792 0.674 0.570 0.487 0.418 0.358 0.305 0.259 0.223 0.193 0.167 0.146 0.127 0.111 0.098 0.086 0.075 0.065
0.000 0.000 0.000 0.000 0.000 0.000 0.000 0.000 0.000 0.000 0.001 0.002 0.006 0.015 0.032 0.055 0.086 0.135 0.205 0.296 0.396 0.511 0.666 0.865 1.124 1.410 1.728 2.105 2.551 3.076 3.649 4.241 4.849 5.481 6.124 6.751 7.303 7.705 7.920 7.937 7.756 7.412 6.988 6.557 6.130 5.698 5.274 4.843 4.387 3.904 3.423 2.991 2.608 2.257 1.931 1.642 1.405 1.209 1.039 0.889 0.762 0.662 0.582 0.515 0.458 0.410 0.370 0.337 0.306 0.277 0.250 0.225 0.202 0.179 0.159 0.140
0.000 0.000 0.000 0.000 0.000 0.000 0.000 0.000 0.000 0.001 0.002 0.004 0.010 0.023 0.047 0.080 0.125 0.194 0.294 0.431 0.588 0.766 1.005 1.313 1.721 2.192 2.711 3.310 4.007 4.820 5.690 6.572 7.457 8.347 9.226 10.049 10.705 11.099 11.215 11.063 10.657 10.077 9.475 8.895 8.323 7.731 7.131 6.514 5.862 5.180 4.516 3.930 3.417 2.958 2.543 2.184 1.896 1.664 1.469 1.302 1.163 1.052 0.960 0.878 0.800 0.727 0.662 0.601 0.543 0.489 0.439 0.392 0.349 0.309 0.273 0.240
0.000 0.000 0.000 0.000 0.000 0.000 0.000 0.000 0.001 0.002 0.003 0.007 0.016 0.034 0.067 0.116 0.179 0.276 0.417 0.614 0.853 1.126 1.493 1.966 2.603 3.343 4.156 5.085 6.158 7.370 8.637 9.907 11.153 12.364 13.506 14.501 15.187 15.487 15.408 14.975 14.235 13.413 12.623 11.876 11.119 10.310 9.474 8.605 7.695 6.786 5.929 5.181 4.537 3.974 3.478 3.058 2.725 2.456 2.227 2.022 1.836 1.670 1.518 1.377 1.245 1.122 1.010 0.907 0.813 0.727 0.648 0.575 0.509 0.449 0.395 0.346
0.000 0.000 0.000 0.000 0.000 0.000 0.000 0.001 0.001 0.003 0.006 0.012 0.025 0.049 0.093 0.161 0.248 0.381 0.576 0.854 1.205 1.620 2.175 2.890 3.840 4.956 6.201 7.619 9.214 10.951 12.740 14.505 16.202 17.792 19.198 20.283 20.893 20.991 20.611 19.749 18.659 17.609 16.647 15.722 14.733 13.652 12.518 11.326 10.121 8.952 7.866 6.927 6.134 5.461 4.885 4.390 3.965 3.583 3.231 2.903 2.604 2.336 2.095 1.876 1.675 1.492 1.328 1.179 1.045 0.924 0.816 0.718 0.632 0.554 0.485 0.423
0.000 0.000 0.000 0.000 0.000 0.000 0.000 0.001 0.002 0.004 0.009 0.018 0.036 0.069 0.126 0.215 0.333 0.513 0.779 1.162 1.664 2.273 3.083 4.136 5.527 7.181 9.040 11.120 13.406 15.830 18.274 20.648 22.885 24.898 26.530 27.580 27.997 27.807 26.982 25.637 24.259 23.057 21.998 20.905 19.634 18.181 16.594 14.952 13.354 11.865 10.549 9.434 8.476 7.612 6.811 6.079 5.416 4.817 4.274 3.784 3.345 2.954 2.607 2.297 2.021 1.775 1.558 1.367 1.197 1.048 0.916 0.800 0.698 0.609 0.530 0.461
0.000 0.000 0.000 0.000 0.000 0.000 0.001 0.001 0.003 0.006 0.013 0.025 0.048 0.092 0.166 0.281 0.441 0.681 1.037 1.554 2.250 3.116 4.270 5.792 7.785 10.156 12.803 15.745 18.925 22.207 25.446 28.542 31.396 33.861 35.634 36.544 36.699 36.135 34.773 33.108 31.613 30.428 29.268 27.835 26.032 23.943 21.745 19.633 17.690 15.917 14.298 12.800 11.424 10.145 8.968 7.898 6.931 6.065 5.296 4.619 4.026 3.507 3.051 2.653 2.305 2.001 1.736 1.506 1.305 1.129 0.976 0.844 0.731 0.632 0.546 0.472
0.000 0.000 0.000 0.000 0.000 0.000 0.001 0.002 0.004 0.008 0.017 0.033 0.063 0.118 0.212 0.360 0.569 0.885 1.356 2.041 2.978 4.174 5.774 7.902 10.638 13.884 17.499 21.491 25.742 30.047 34.219 38.155 41.714 44.653 46.479 47.153 47.048 46.005 44.339 42.614 41.156 39.874 38.316 36.222 33.686 30.951 28.296 25.699 23.163 20.758 18.541 16.471 14.516 12.703 11.066 9.613 8.323 7.185 6.194 5.337 4.599 3.959 3.402 2.919 2.499 2.137 1.824 1.554 1.322 1.121 0.950 0.806 0.686 0.584 0.499 0.428
0.000 0.000 0.000 0.000 0.000 0.000 0.001 0.002 0.005 0.010 0.021 0.042 0.080 0.147 0.263 0.448 0.715 1.118 1.728 2.622 3.856 5.457 7.604 10.457 14.075 18.332 23.047 28.231 33.705 39.182 44.424 49.332 53.694 57.089 58.799 59.287 58.847 57.449 55.756 54.092 52.633 51.063 48.922 46.185 42.924 39.458 35.867 32.334 28.904 25.672 22.691 19.900 17.297 14.928 12.827 11.004 9.414 8.027 6.830 5.805 4.928 4.170 3.512 2.944 2.459 2.047 1.699 1.404 1.158 0.953 0.786 0.652 0.543 0.455 0.383 0.326
0.000 0.000 0.000 0.000 0.000 0.000 0.001 0.002 0.006 0.012 0.026 0.052 0.098 0.179 0.317 0.540 0.868 1.367 2.130 3.265 4.843 6.935 9.757 13.486 18.105 23.446 29.339 35.801 42.594 49.352 55.831 61.861 67.123 70.776 72.380 72.690 71.729 70.283 68.785 67.531 66.196 64.375 61.609 57.684 53.028 48.256 43.464 38.734 34.215 30.031 26.220 22.700 19.455 16.538 13.999 11.832 9.960 8.332 6.936 5.752 4.757 3.913 3.195 2.594 2.094 1.682 1.345 1.069 0.847 0.671 0.535 0.431 0.351 0.289 0.241 0.205
0.000 0.000 0.000 0.000 0.000 0.000 0.001 0.002 0.007 0.015 0.033 0.063 0.119 0.213 0.374 0.632 1.025 1.628 2.561 3.963 5.932 8.598 12.218 16.963 22.713 29.249 36.421 44.268 52.491 60.661 68.506 75.708 81.652 85.255 86.845 86.643 85.587 84.649 84.339 83.896 82.712 79.958 75.250 69.379 62.927 56.474 50.236 44.292 38.695 33.533 28.871 24.605 20.719 17.267 14.294 11.788 9.659 7.847 6.330 5.080 4.058 3.211 2.505 1.927 1.465 1.103 0.825 0.617 0.466 0.356 0.276 0.218 0.175 0.144 0.120 0.103
0.000 0.000 0.000 0.000 0.000 0.000 0.001 0.003 0.008 0.019 0.039 0.075 0.139 0.245 0.429 0.725 1.187 1.906 3.040 4.754 7.165 10.478 14.982 20.827 27.797 35.604 44.173 53.516 63.258 72.887 81.795 89.592 95.523 99.263 100.833 100.627 100.603 102.116 103.736 103.783 101.061 95.791 88.500 80.061 71.537 63.538 56.058 48.961 42.225 36.030 30.469 25.415 20.862 16.901 13.573 10.843 8.592 6.728 5.196 3.951 2.955 2.163 1.549 1.092 0.760 0.526 0.361 0.248 0.171 0.120 0.087 0.065 0.051 0.042 0.036 0.032
0.000 0.000 0.000 0.000 0.000 0.000 0.001 0.004 0.010 0.021 0.044 0.084 0.154 0.271 0.478 0.812 1.346 2.193 3.549 5.603 8.492 12.479 17.863 24.787 32.960 42.017 51.939 62.652 73.677 84.226 93.620 101.498 107.421 111.279 112.846 114.336 118.823 123.872 126.509 124.562 118.596 109.625 99.174 88.458 78.359 69.138 60.464 52.046 44.071 36.800 30.334 24.591 19.570 15.327 11.850 9.049 6.756 4.899 3.457 2.387 1.616 1.061 0.670 0.410 0.245 0.145 0.086 0.053 0.033 0.022 0.015 0.011 0.008 0.007 0.006 0.005
0.000 0.000 0.000 0.000 0.000 0.000 0.001 0.004 0.010 0.023 0.048 0.092 0.167 0.296 0.526 0.900 1.515 2.503 4.098 6.502 9.880 14.515 20.734 28.646 37.885 48.026 59.031 70.771 82.611 93.689 103.163 110.484 115.931 119.888 124.241 133.106 143.440 149.955 149.603 142.884 131.834 119.123 106.264 93.976 82.548 72.009 61.930 52.319 43.268 35.118 28.032 21.899 16.635 12.231 8.722 6.048 4.067 2.632 1.635 0.974 0.553 0.297 0.154 0.079 0.041 0.022 0.012 0.006 0.004 0.002 0.001 0.001 0.001 0.000 0.000 0.000
0.000 0.000 0.000 0.000 0.000 0.000 0.001 0.004 0.011 0.024 0.050 0.099 0.182 0.326 0.582 1.006 1.718 2.871 4.723 7.493 11.350 16.601 23.627 32.443 42.583 53.562 65.362 77.745 90.048 101.119 109.458 115.736 121.711 130.312 145.645 162.868 174.213 175.928 168.217 154.645 138.934 123.311 108.745 95.195 82.716 71.133 60.036 49.288 39.340 30.531 22.998 16.667 11.548 7.641 4.822 2.901 1.638 0.863 0.425 0.199 0.090 0.040 0.017 0.008 0.003 0.001 0.001 0.000 0.000 0.000 0.000 0.000 0.000 0.000 0.000 0.000
0.000 0.000 0.000 0.000 0.000 0.000 0.002 0.004 0.012 0.026 0.055 0.110 0.203 0.370 0.662 1.156 1.990 3.337 5.457 8.602 12.924 18.757 26.540 36.158 47.003 58.645 71.038 83.918 96.159 105.793 112.837 120.269 133.220 157.052 184.014 200.783 204.055 194.700 177.255 156.843 138.067 121.505 106.634 92.573 79.254 66.320 53.752 41.951 31.415 22.573 15.524 10.076 6.074 3.344 1.685 0.772 0.325 0.126 0.047 0.017 0.006 0.002 0.001 0.000 0.000 0.000 0.000 0.000 0.000 0.000 0.000 0.000 0.000 0.000 0.000 0.000
0.000 0.000 0.000 0.000 0.000 0.000 0.002 0.005 0.013 0.029 0.061 0.124 0.230 0.423 0.757 1.337 2.305 3.844 6.207 9.679 14.377 20.613 28.807 38.779 50.079 62.338 75.414 88.409 99.087 107.265 116.111 133.140 166.271 205.338 229.622 233.773 221.248 197.309 171.938 150.351 132.678 116.811 101.487 86.402 71.221 56.691 43.297 31.517 21.703 14.002 8.323 4.472 2.120 0.884 0.317 0.099 0.026 0.007 0.002 0.000 0.000 0.000 0.000 0.000 0.000 0.000 0.000 0.000 0.000 0.000 0.000 0.000 0.000 0.000 0.000 0.000
0.000 0.000 0.000 0.000 0.000 0.001 0.002 0.005 0.014 0.031 0.067 0.136 0.256 0.471 0.847 1.512 2.598 4.273 6.767 10.366 15.091 21.315 29.521 39.603 51.366 64.315 77.571 89.044 98.186 108.419 128.386 169.741 220.583 253.576 260.358 244.493 212.938 182.679 159.342 140.520 124.009 108.147 91.831 74.893 58.704 44.066 31.321 20.760 12.589 6.881 3.366 1.478 0.579 0.206 0.066 0.018 0.003 0.000 0.000 0.000 0.000 0.000 0.000 0.000 0.000 0.000 0.000 0.000 0.000 0.000 0.000 0.000 0.000 0.000 0.000 0.000
0.000 0.000 0.000 0.000 0.000 0.001 0.002 0.005 0.015 0.033 0.072 0.146 0.277 0.505 0.912 1.623 2.742 4.423 6.883 10.408 14.971 21.034 29.024 38.953 50.992 64.019 76.094 86.292 96.984 118.032 164.119 224.319 267.303 278.191 259.459 222.133 187.473 161.788 141.872 126.070 111.312 94.782 77.082 59.887 44.246 30.730 19.675 11.408 5.978 2.889 1.351 0.622 0.282 0.123 0.048 0.015 0.003 0.000 0.000 0.000 0.000 0.000 0.000 0.000 0.000 0.000 0.000 0.000 0.000 0.000 0.000 0.000 0.000 0.000 0.000 0.000
0.000 0.000 0.000 0.000 0.000 0.001 0.002 0.006 0.015 0.034 0.074 0.150 0.284 0.513 0.924 1.635 2.743 4.377 6.749 10.124 14.370 19.986 27.327 36.866 48.900 61.233 72.324 82.714 101.464 146.886 211.067 264.364 280.489 260.984 221.908 184.206 156.121 137.254 123.475 110.810 95.333 77.525 59.936 43.759 29.765 18.567 10.614 5.732 3.038 1.615 0.866 0.459 0.234 0.113 0.049 0.018 0.005 0.001 0.000 0.000 0.000 0.000 0.000 0.000 0.000 0.000 0.000 0.000 0.000 0.000 0.000 0.000 0.000 0.000 0.000 0.000
0.000 0.000 0.000 0.000 0.000 0.001 0.002 0.005 0.013 0.031 0.068 0.138 0.263 0.474 0.855 1.518 2.552 4.049 6.182 9.176 12.882 17.843 24.422 33.756 45.506 57.130 67.426 81.607 116.649 178.424 237.620 259.575 244.325 206.961 170.609 145.160 129.158 117.993 107.223 93.427 76.305 58.730 42.524 28.514 17.653 10.386 6.051 3.549 2.081 1.207 0.693 0.392 0.217 0.115 0.056 0.025 0.009 0.002 0.000 0.000 0.000 0.000 0.000 0.000 0.000 0.000 0.000 0.000 0.000 0.000 0.000 0.000 0.000 0.000 0.000 0.000
0.000 0.000 0.000 0.000 0.000 0.000 0.001 0.004 0.011 0.025 0.057 0.116 0.223 0.402 0.730 1.306 2.204 3.467 5.250 7.716 10.770 14.978 20.724 29.785 40.654 51.765 62.627 83.231 128.010 185.421 214.345 206.938 178.958 150.897 132.133 120.964 112.363 102.765 89.751 73.845 56.816 40.927 27.441 17.379 10.787 6.737 4.212 2.600 1.583 0.957 0.580 0.350 0.208 0.120 0.065 0.033 0.015 0.005 0.002 0.000 0.000 0.000 0.000 0.000 0.000 0.000 0.000 0.000 0.000 0.000 0.000 0.000 0.000 0.000 0.000 0.000
0.000 0.000 0.000 0.000 0.000 0.000 0.001 0.003 0.008 0.019 0.045 0.092 0.181 0.328 0.599 1.070 1.793 2.780 4.161 6.049 8.406 11.761 16.595 25.101 34.219 45.534 59.341 83.675 121.784 152.436 154.629 142.816 128.783 119.498 113.724 107.452 97.860 84.974 70.244 54.564 39.435 26.855 17.719 11.618 7.614 4.944 3.166 2.003 1.264 0.802 0.512 0.326 0.205 0.125 0.074 0.041 0.021 0.010 0.004 0.001 0.000 0.000 0.000 0.000 0.000 0.000 0.000 0.000 0.000 0.000 0.000 0.000 0.000 0.000 0.000 0.000
0.000 0.000 0.000 0.000 0.000 0.000 0.001 0.002 0.006 0.015 0.034 0.072 0.142 0.258 0.469 0.829 1.364 2.083 3.067 4.399 6.098 8.581 12.458 19.888 26.916 41.237 57.358 75.612 92.692 103.531 107.281 107.841 107.182 105.411 101.350 92.424 79.916 66.103 51.845 38.245 26.805 18.437 12.655 8.633 5.797 3.828 2.503 1.633 1.071 0.706 0.468 0.310 0.204 0.132 0.083 0.050 0.029 0.015 0.007 0.003 0.001 0.000 0.000 0.000 0.000 0.000 0.000 0.000 0.000 0.000 0.000 0.000 0.000 0.000 0.000 0.000
0.000 0.000 0.000 0.000 0.000 0.000 0.000 0.001 0.004 0.011 0.026 0.054 0.107 0.192 0.344 0.596 0.956 1.430 2.071 2.931 4.079 5.811 8.860 14.726 21.782 38.482 49.133 58.861 70.105 81.137 89.296 93.878 94.854 92.579 85.846 74.843 61.964 48.994 37.181 27.207 19.425 13.776 9.696 6.729 4.583 3.077 2.057 1.378 0.929 0.631 0.433 0.298 0.205 0.139 0.093 0.060 0.037 0.022 0.012 0.006 0.003 0.001 0.000 0.000 0.000 0.000 0.000 0.000 0.000 0.000 0.000 0.000 0.000 0.000 0.000 0.000
0.000 0.000 0.000 0.000 0.000 0.000 0.000 0.001 0.003 0.007 0.017 0.037 0.071 0.127 0.222 0.376 0.586 0.874 1.257 1.804 2.589 3.829 6.297 10.646 18.474 26.662 36.824 48.509 60.770 71.485 78.613 81.584 81.060 76.805 68.885 57.864 46.312 36.024 27.475 20.454 14.870 10.711 7.646 5.374 3.704 2.518 1.712 1.173 0.813 0.569 0.402 0.286 0.204 0.145 0.101 0.069 0.046 0.029 0.018 0.010 0.005 0.003 0.001 0.000 0.000 0.000 0.000 0.000 0.000 0.000 0.000 0.000 0.000 0.000 0.000 0.000
0.000 0.000 0.000 0.000 0.000 0.000 0.000 0.001 0.002 0.004 0.010 0.022 0.042 0.075 0.130 0.214 0.335 0.508 0.743 1.104 1.629 2.572 4.317 8.161 14.178 22.102 31.496 41.866 52.506 61.313 66.299 67.471 65.587 60.788 53.131 43.607 34.566 27.002 20.787 15.575 11.372 8.251 5.942 4.217 2.940 2.029 1.408 0.989 0.703 0.505 0.365 0.267 0.196 0.143 0.104 0.075 0.052 0.035 0.023 0.014 0.008 0.005 0.002 0.001 0.000 0.000 0.000 0.000 0.000 0.000 0.000 0.000 0.000 0.000 0.000 0.000
0.000 0.000 0.000 0.000 0.000 0.000 0.000 0.000 0.001 0.002 0.005 0.012 0.024 0.042 0.073 0.121 0.193 0.292 0.436 0.649 0.990 1.614 2.919 5.795 10.771 17.353 25.129 33.632 42.044 48.828 52.292 52.781 50.782 46.389 39.891 32.416 25.705 20.180 15.582 11.683 8.551 6.236 4.523 3.243 2.292 1.610 1.142 0.822 0.598 0.439 0.325 0.242 0.182 0.137 0.103 0.076 0.056 0.040 0.027 0.018 0.012 0.007 0.004 0.002 0.001 0.000 0.000 0.000 0.000 0.000 0.000 0.000 0.000 0.000 0.000 0.000
0.000 0.000 0.000 0.000 0.000 0.000 0.000 0.000 0.000 0.001 0.003 0.006 0.012 0.023 0.040 0.067 0.105 0.161 0.238 0.360 0.559 0.982 1.921 4.055 7.854 13.007 19.103 25.809 32.341 37.396 39.800 39.824 37.930 34.320 29.267 23.775 18.950 14.950 11.571 8.691 6.384 4.685 3.433 2.495 1.792 1.279 0.922 0.677 0.503 0.378 0.285 0.217 0.167 0.129 0.099 0.076 0.057 0.042 0.031 0.021 0.015 0.010 0.006 0.004 0.002 0.001 0.000 0.000 0.000 0.000 0.000 0.000 0.000 0.000 0.000 0.000
