DepositFiles/ESRI_ASCII/MZRun057.txt
NCOLS    90
NROWS    50
XLLCORNER         225.000
YLLCORNER          32.500
CELLSIZE           0.500          0.500
NODATA_VALUE  0.000
[rows 0 to 33 of 50, columns 0 to 75 of 90]
0.000 0.000 0.000 0.000 0.000 0.000 0.000 0.000 0.000 0.000 0.000 0.000 0.000 0.000 0.000 0.000 0.000 0.000 0.000 0.000 0.000 0.000 0.001 0.001 0.002 0.004 0.005 0.008 0.011 0.015 0.019 0.023 0.028 0.034 0.038 0.041 0.044 0.046 0.047 0.046 0.044 0.041 0.038 0.035 0.032 0.028 0.024 0.021 0.017 0.014 0.011 0.008 0.006 0.005 0.003 0.003 0.002 0.001 0.001 0.001 0.000 0.000 0.000 0.000 0.000 0.000 0.000 0.000 0.000 0.000 0.000 0.000 0.000 0.000 0.000 0.000
0.000 0.000 0.000 0.000 0.000 0.000 0.000 0.000 0.000 0.000 0.000 0.000 0.000 0.000 0.000 0.000 0.000 0.000 0.000 0.000 0.000 0.000 0.001 0.002 0.004 0.007 0.011 0.018 0.026 0.035 0.045 0.057 0.070 0.084 0.096 0.106 0.114 0.120 0.125 0.126 0.123 0.121 0.118 0.113 0.107 0.098 0.089 0.079 0.069 0.059 0.049 0.040 0.033 0.026 0.020 0.015 0.011 0.009 0.006 0.005 0.003 0.002 0.002 0.001 0.001 0.000 0.000 0.000 0.000 0.000 0.000 0.000 0.000 0.000 0.000 0.000
0.000 0.000 0.000 0.000 0.000 0.000 0.000 0.000 0.000 0.000 0.000 0.000 0.000 0.000 0.000 0.000 0.000 0.000 0.000 0.000 0.000 0.000 0.001 0.004 0.008 0.014 0.022 0.034 0.052 0.073 0.097 0.122 0.151 0.181 0.209 0.231 0.249 0.264 0.276 0.283 0.286 0.287 0.286 0.279 0.267 0.250 0.231 0.210 0.187 0.164 0.141 0.121 0.102 0.085 0.069 0.055 0.044 0.035 0.027 0.021 0.016 0.012 0.009 0.006 0.005 0.003 0.002 0.002 0.001 0.001 0.001 0.000 0.000 0.000 0.000 0.000
0.000 0.000 0.000 0.000 0.000 0.000 0.000 0.000 0.000 0.000 0.000 0.000 0.000 0.000 0.000 0.000 0.000 0.000 0.000 0.000 0.000 0.000 0.002 0.006 0.013 0.023 0.038 0.061 0.094 0.138 0.186 0.237 0.292 0.349 0.402 0.447 0.483 0.514 0.540 0.562 0.578 0.586 0.584 0.571 0.547 0.514 0.476 0.436 0.393 0.348 0.304 0.264 0.229 0.196 0.165 0.137 0.113 0.094 0.077 0.062 0.050 0.040 0.032 0.025 0.020 0.016 0.013 0.011 0.010 0.009 0.009 0.009 0.009 0.009 0.008 0.008
0.000 0.000 0.000 0.000 0.000 0.000 0.000 0.000 0.000 0.000 0.000 0.000 0.000 0.000 0.000 0.000 0.000 0.000 0.000 0.000 0.000 0.000 0.002 0.008 0.019 0.036 0.062 0.102 0.163 0.242 0.332 0.426 0.524 0.623 0.717 0.797 0.863 0.921 0.976 1.027 1.061 1.073 1.066 1.039 0.990 0.926 0.857 0.785 0.709 0.630 0.553 0.485 0.425 0.369 0.315 0.267 0.227 0.195 0.166 0.142 0.122 0.109 0.100 0.095 0.091 0.089 0.088 0.086 0.083 0.080 0.076 0.072 0.067 0.061 0.056 0.051
0.000 0.000 0.000 0.000 0.000 0.000 0.000 0.000 0.000 0.000 0.000 0.000 0.000 0.000 0.000 0.000 0.000 0.000 0.000 0.000 0.000 0.001 0.003 0.010 0.027 0.054 0.097 0.167 0.269 0.406 0.563 0.725 0.890 1.053 1.208 1.343 1.460 1.569 1.677 1.768 1.819 1.829 1.806 1.748 1.655 1.539 1.420 1.299 1.175 1.048 0.925 0.819 0.727 0.643 0.566 0.499 0.450 0.415 0.390 0.373 0.361 0.352 0.343 0.331 0.317 0.301 0.284 0.266 0.246 0.227 0.209 0.190 0.172 0.154 0.137 0.122
0.000 0.000 0.000 0.000 0.000 0.000 0.000 0.000 0.000 0.000 0.000 0.000 0.000 0.000 0.000 0.000 0.000 0.000 0.000 0.000 0.000 0.001 0.004 0.014 0.036 0.078 0.149 0.267 0.436 0.665 0.923 1.188 1.452 1.710 1.956 2.178 2.381 2.580 2.765 2.898 2.957 2.948 2.892 2.779 2.615 2.425 2.237 2.054 1.872 1.691 1.523 1.388 1.280 1.193 1.123 1.070 1.032 1.001 0.966 0.925 0.879 0.830 0.779 0.726 0.672 0.619 0.568 0.518 0.470 0.426 0.384 0.345 0.307 0.273 0.241 0.213
0.000 0.000 0.000 0.000 0.000 0.000 0.000 0.000 0.000 0.000 0.000 0.000 0.000 0.000 0.000 0.000 0.000 0.000 0.000 0.000 0.000 0.001 0.006 0.019 0.051 0.115 0.232 0.424 0.702 1.067 1.473 1.888 2.297 2.693 3.075 3.431 3.773 4.107 4.375 4.540 4.587 4.545 4.428 4.232 3.974 3.697 3.442 3.211 2.997 2.800 2.637 2.522 2.436 2.354 2.266 2.169 2.064 1.951 1.831 1.707 1.582 1.460 1.340 1.225 1.116 1.012 0.915 0.824 0.740 0.663 0.592 0.527 0.466 0.411 0.361 0.317
0.000 0.000 0.000 0.000 0.000 0.000 0.000 0.000 0.000 0.000 0.000 0.000 0.000 0.000 0.000 0.000 0.000 0.000 0.000 0.000 0.000 0.002 0.008 0.026 0.072 0.172 0.362 0.672 1.118 1.676 2.292 2.920 3.539 4.138 4.720 5.277 5.829 6.326 6.668 6.842 6.850 6.752 6.572 6.312 5.994 5.666 5.392 5.172 4.979 4.801 4.620 4.451 4.266 4.051 3.821 3.580 3.339 3.096 2.856 2.622 2.397 2.183 1.980 1.789 1.613 1.450 1.299 1.161 1.034 0.920 0.816 0.721 0.635 0.558 0.488 0.427
0.000 0.000 0.000 0.000 0.000 0.000 0.000 0.000 0.000 0.000 0.000 0.000 0.000 0.000 0.000 0.000 0.000 0.000 0.000 0.000 0.000 0.003 0.012 0.038 0.106 0.264 0.568 1.066 1.757 2.594 3.504 4.434 5.354 6.252 7.127 7.972 8.796 9.460 9.889 10.107 10.117 9.995 9.781 9.490 9.160 8.850 8.598 8.337 8.038 7.697 7.305 6.904 6.480 6.041 5.602 5.174 4.754 4.347 3.957 3.591 3.247 2.926 2.628 2.355 2.105 1.878 1.671 1.483 1.314 1.161 1.024 0.901 0.790 0.691 0.603 0.525
0.000 0.000 0.000 0.000 0.000 0.000 0.000 0.000 0.000 0.000 0.000 0.000 0.000 0.000 0.000 0.000 0.000 0.000 0.000 0.000 0.001 0.004 0.018 0.059 0.166 0.421 0.913 1.703 2.746 3.980 5.307 6.658 8.004 9.329 10.628 11.905 13.113 14.012 14.594 14.878 14.918 14.855 14.686 14.414 14.050 13.616 13.157 12.577 11.915 11.201 10.473 9.732 8.984 8.245 7.540 6.875 6.237 5.632 5.068 4.551 4.076 3.640 3.243 2.883 2.559 2.268 2.006 1.772 1.562 1.374 1.206 1.056 0.924 0.805 0.700 0.607
0.000 0.000 0.000 0.000 0.000 0.000 0.000 0.000 0.000 0.000 0.000 0.000 0.000 0.000 0.000 0.000 0.000 0.000 0.000 0.000 0.001 0.007 0.029 0.097 0.273 0.698 1.502 2.723 4.273 6.063 7.964 9.904 11.872 13.862 15.830 17.719 19.348 20.574 21.434 21.847 21.956 21.966 21.774 21.290 20.588 19.701 18.714 17.602 16.404 15.197 14.025 12.859 11.710 10.609 9.586 8.646 7.764 6.940 6.187 5.508 4.895 4.341 3.841 3.392 2.992 2.635 2.318 2.037 1.787 1.563 1.364 1.190 1.037 0.903 0.784 0.678
0.000 0.000 0.000 0.000 0.000 0.000 0.000 0.000 0.000 0.000 0.000 0.000 0.000 0.000 0.000 0.000 0.000 0.000 0.000 0.000 0.002 0.013 0.051 0.168 0.468 1.193 2.478 4.317 6.564 9.113 11.826 14.650 17.572 20.529 23.401 26.071 28.191 29.828 30.934 31.457 31.571 31.354 30.729 29.593 28.145 26.545 24.832 23.017 21.155 19.351 17.656 16.011 14.418 12.922 11.558 10.326 9.185 8.132 7.177 6.325 5.570 4.896 4.295 3.760 3.286 2.868 2.502 2.181 1.900 1.651 1.434 1.246 1.085 0.945 0.820 0.711
0.000 0.000 0.000 0.000 0.000 0.000 0.000 0.000 0.000 0.000 0.000 0.000 0.000 0.000 0.000 0.000 0.000 0.000 0.000 0.001 0.005 0.025 0.093 0.297 0.825 2.046 4.045 6.723 9.936 13.563 17.455 21.588 25.884 30.137 34.081 37.405 40.072 42.153 43.399 43.654 43.260 42.257 40.637 38.471 36.005 33.476 30.892 28.261 25.663 23.220 20.974 18.823 16.759 14.835 13.102 11.568 10.180 8.920 7.795 6.803 5.935 5.169 4.494 3.902 3.385 2.934 2.545 2.207 1.913 1.654 1.427 1.234 1.069 0.926 0.801 0.692
0.000 0.000 0.000 0.000 0.000 0.000 0.000 0.000 0.000 0.000 0.000 0.000 0.000 0.000 0.000 0.000 0.000 0.000 0.000 0.002 0.010 0.048 0.173 0.540 1.478 3.467 6.466 10.314 14.893 20.072 25.684 31.612 37.593 43.324 48.347 52.233 55.471 57.636 58.347 57.632 55.967 53.608 50.580 47.073 43.423 39.880 36.384 32.906 29.533 26.378 23.493 20.792 18.267 15.974 13.954 12.201 10.644 9.245 8.004 6.914 5.962 5.129 4.396 3.753 3.191 2.706 2.292 1.938 1.636 1.377 1.160 0.985 0.842 0.725 0.627 0.546
0.000 0.000 0.000 0.000 0.000 0.000 0.000 0.000 0.000 0.000 0.000 0.000 0.000 0.000 0.000 0.000 0.000 0.000 0.000 0.004 0.023 0.098 0.334 1.012 2.653 5.759 10.162 15.677 22.231 29.585 37.431 45.535 53.481 60.837 66.759 71.221 74.415 75.657 74.824 72.295 68.806 64.645 59.959 55.025 50.197 45.583 41.041 36.555 32.276 28.389 24.958 21.846 19.004 16.464 14.230 12.276 10.530 8.955 7.561 6.352 5.325 4.448 3.692 3.044 2.492 2.028 1.645 1.330 1.074 0.867 0.704 0.582 0.488 0.417 0.362 0.321
0.000 0.000 0.000 0.000 0.000 0.000 0.000 0.000 0.000 0.000 0.000 0.000 0.000 0.000 0.000 0.000 0.000 0.000 0.001 0.010 0.050 0.194 0.637 1.870 4.607 9.267 15.638 23.510 32.721 42.811 53.342 63.949 74.203 83.198 89.659 93.963 95.787 94.896 91.609 86.795 81.096 75.028 68.730 62.363 56.123 50.155 44.427 39.009 34.033 29.642 25.825 22.336 19.099 16.168 13.602 11.417 9.531 7.885 6.472 5.277 4.282 3.445 2.733 2.139 1.653 1.265 0.961 0.726 0.545 0.410 0.313 0.245 0.198 0.163 0.139 0.124
0.000 0.000 0.000 0.000 0.000 0.000 0.000 0.000 0.000 0.000 0.000 0.000 0.000 0.000 0.000 0.000 0.000 0.000 0.004 0.021 0.097 0.362 1.164 3.282 7.546 14.350 23.405 34.312 46.771 60.039 73.581 87.137 99.762 109.337 115.446 118.061 116.969 113.022 106.992 99.596 91.836 83.951 75.931 67.914 60.224 53.146 46.651 40.659 35.077 29.987 25.470 21.450 17.868 14.743 12.090 9.884 8.028 6.447 5.112 3.996 3.081 2.333 1.733 1.264 0.907 0.640 0.445 0.307 0.211 0.146 0.103 0.075 0.056 0.044 0.036 0.030
0.000 0.000 0.000 0.000 0.000 0.000 0.000 0.000 0.000 0.000 0.000 0.000 0.000 0.000 0.000 0.000 0.000 0.001 0.008 0.042 0.178 0.644 2.024 5.440 11.757 21.472 33.923 48.494 64.603 81.353 98.278 114.601 127.800 136.779 141.081 140.004 135.388 128.238 119.291 109.650 99.986 90.323 80.716 71.433 62.880 55.062 47.559 40.406 33.899 28.225 23.403 19.248 15.640 12.568 10.012 7.923 6.180 4.712 3.512 2.565 1.841 1.291 0.880 0.582 0.372 0.230 0.139 0.083 0.050 0.032 0.021 0.014 0.010 0.008 0.006 0.005
0.000 0.000 0.000 0.000 0.000 0.000 0.000 0.000 0.000 0.000 0.000 0.000 0.000 0.000 0.000 0.000 0.000 0.002 0.016 0.078 0.310 1.090 3.362 8.524 17.575 31.057 47.579 66.296 86.265 106.747 126.530 143.443 155.903 163.114 162.970 158.053 149.679 139.253 128.010 116.672 105.517 94.568 83.881 73.454 63.294 53.920 45.383 37.643 30.818 25.015 20.203 16.126 12.630 9.695 7.320 5.448 3.977 2.826 1.950 1.308 0.850 0.527 0.308 0.170 0.089 0.046 0.024 0.012 0.007 0.004 0.002 0.002 0.001 0.001 0.001 0.000
0.000 0.000 0.000 0.000 0.000 0.000 0.000 0.000 0.000 0.000 0.000 0.000 0.000 0.000 0.000 0.000 0.000 0.005 0.030 0.137 0.515 1.772 5.303 12.719 25.381 43.420 64.581 87.669 111.609 134.855 155.162 171.633 182.643 184.791 180.696 171.380 159.462 147.035 134.568 122.153 109.737 97.220 84.405 71.916 60.395 50.132 41.041 33.077 26.217 20.438 15.700 11.816 8.697 6.264 4.419 3.053 2.041 1.306 0.794 0.457 0.246 0.123 0.057 0.025 0.011 0.005 0.002 0.001 0.000 0.000 0.000 0.000 0.000 0.000 0.000 0.000
0.000 0.000 0.000 0.000 0.000 0.000 0.000 0.000 0.000 0.000 0.000 0.000 0.000 0.000 0.000 0.000 0.001 0.008 0.050 0.219 0.801 2.703 7.789 17.994 35.193 58.271 84.232 111.102 137.450 161.374 181.441 196.402 202.422 200.714 192.342 179.883 166.783 153.768 140.441 126.529 111.856 96.611 81.673 67.532 54.981 44.251 34.972 26.881 20.093 14.708 10.593 7.466 5.106 3.369 2.142 1.307 0.754 0.404 0.200 0.092 0.039 0.015 0.005 0.002 0.001 0.000 0.000 0.000 0.000 0.000 0.000 0.000 0.000 0.000 0.000 0.000
0.000 0.000 0.000 0.000 0.000 0.000 0.000 0.000 0.000 0.000 0.000 0.000 0.000 0.000 0.000 0.000 0.001 0.013 0.074 0.315 1.130 3.767 10.569 23.991 46.364 74.294 103.636 132.289 158.957 181.776 200.356 212.958 215.164 209.210 198.125 185.362 172.508 158.961 143.963 127.294 109.561 91.808 75.008 60.119 47.282 36.276 26.980 19.496 13.690 9.360 6.228 3.996 2.444 1.415 0.775 0.400 0.191 0.084 0.033 0.012 0.003 0.001 0.000 0.000 0.000 0.000 0.000 0.000 0.000 0.000 0.000 0.000 0.000 0.000 0.000 0.000
0.000 0.000 0.000 0.000 0.000 0.000 0.000 0.000 0.000 0.000 0.000 0.000 0.000 0.000 0.000 0.000 0.002 0.016 0.094 0.403 1.445 4.816 13.345 30.161 57.775 89.275 119.677 147.223 172.343 195.710 217.886 225.741 221.298 211.222 199.842 188.132 175.484 160.112 141.775 121.580 101.236 82.056 64.763 49.430 36.729 26.605 18.660 12.597 8.154 5.062 3.016 1.711 0.917 0.464 0.223 0.102 0.042 0.015 0.004 0.001 0.000 0.000 0.000 0.000 0.000 0.000 0.000 0.000 0.000 0.000 0.000 0.000 0.000 0.000 0.000 0.000
0.000 0.000 0.000 0.000 0.000 0.000 0.000 0.000 0.000 0.000 0.000 0.000 0.000 0.000 0.000 0.000 0.002 0.018 0.105 0.451 1.648 5.573 15.459 35.881 68.339 101.187 129.091 155.855 187.210 221.811 237.468 232.004 219.364 207.811 198.314 187.525 172.899 153.655 131.593 109.279 87.813 67.585 50.568 36.798 25.949 17.618 11.429 7.051 4.137 2.324 1.262 0.663 0.337 0.165 0.076 0.032 0.011 0.003 0.001 0.000 0.000 0.000 0.000 0.000 0.000 0.000 0.000 0.000 0.000 0.000 0.000 0.000 0.000 0.000 0.000 0.000
0.000 0.000 0.000 0.000 0.000 0.000 0.000 0.000 0.000 0.000 0.000 0.000 0.000 0.000 0.000 0.000 0.002 0.017 0.102 0.454 1.706 5.914 16.797 41.060 76.986 107.499 135.775 179.884 230.547 255.820 247.517 227.271 209.921 200.742 192.703 179.839 161.475 138.739 114.745 90.653 68.971 51.031 36.518 25.098 16.493 10.325 6.170 3.548 1.985 1.093 0.595 0.319 0.165 0.080 0.035 0.013 0.003 0.001 0.000 0.000 0.000 0.000 0.000 0.000 0.000 0.000 0.000 0.000 0.000 0.000 0.000 0.000 0.000 0.000 0.000 0.000
0.000 0.000 0.000 0.000 0.000 0.000 0.000 0.000 0.000 0.000 0.000 0.000 0.000 0.000 0.000 0.000 0.001 0.012 0.078 0.376 1.485 5.377 16.067 43.023 76.720 107.888 164.300 240.274 279.683 270.631 239.446 209.731 196.828 190.254 180.398 163.939 142.808 117.227 91.288 69.479 51.180 36.208 24.437 15.664 9.622 5.765 3.412 1.991 1.142 0.645 0.359 0.194 0.098 0.045 0.018 0.006 0.001 0.000 0.000 0.000 0.000 0.000 0.000 0.000 0.000 0.000 0.000 0.000 0.000 0.000 0.000 0.000 0.000 0.000 0.000 0.000
0.000 0.000 0.000 0.000 0.000 0.000 0.000 0.000 0.000 0.000 0.000 0.000 0.000 0.000 0.000 0.000 0.000 0.006 0.047 0.248 1.054 3.973 12.933 38.645 66.939 117.497 222.605 288.983 289.271 250.994 206.722 186.453 180.210 173.228 160.683 141.764 116.192 90.699 69.205 51.175 36.102 24.173 15.466 9.654 6.017 3.747 2.300 1.377 0.804 0.457 0.250 0.129 0.061 0.026 0.010 0.003 0.001 0.000 0.000 0.000 0.000 0.000 0.000 0.000 0.000 0.000 0.000 0.000 0.000 0.000 0.000 0.000 0.000 0.000 0.000 0.000
0.000 0.000 0.000 0.000 0.000 0.000 0.000 0.000 0.000 0.000 0.000 0.000 0.000 0.000 0.000 0.000 0.000 0.002 0.019 0.119 0.581 2.327 8.429 28.801 50.718 125.083 245.261 271.840 236.021 189.803 169.100 164.678 159.605 149.888 133.660 111.797 88.136 67.708 50.507 36.086 24.472 16.020 10.421 6.836 4.486 2.897 1.808 1.082 0.624 0.349 0.187 0.094 0.043 0.018 0.007 0.003 0.001 0.000 0.000 0.000 0.000 0.000 0.000 0.000 0.000 0.000 0.000 0.000 0.000 0.000 0.000 0.000 0.000 0.000 0.000 0.000
0.000 0.000 0.000 0.000 0.000 0.000 0.000 0.000 0.000 0.000 0.000 0.000 0.000 0.000 0.000 0.000 0.000 0.001 0.006 0.040 0.228 1.053 4.071 15.104 33.910 113.118 150.747 151.583 145.224 143.916 146.727 143.816 135.333 121.839 105.298 84.816 65.624 49.416 36.107 25.459 17.414 11.837 8.091 5.535 3.720 2.408 1.499 0.905 0.532 0.302 0.163 0.081 0.038 0.017 0.007 0.003 0.001 0.000 0.000 0.000 0.000 0.000 0.000 0.000 0.000 0.000 0.000 0.000 0.000 0.000 0.000 0.000 0.000 0.000 0.000 0.000
0.000 0.000 0.000 0.000 0.000 0.000 0.000 0.000 0.000 0.000 0.000 0.000 0.000 0.000 0.000 0.000 0.000 0.000 0.001 0.011 0.075 0.414 1.808 6.841 23.672 45.286 71.684 94.904 113.942 126.008 127.847 121.259 110.010 97.247 81.712 64.596 49.420 36.996 27.165 19.528 13.756 9.639 6.728 4.647 3.147 2.073 1.331 0.833 0.506 0.295 0.163 0.084 0.041 0.019 0.009 0.004 0.001 0.000 0.000 0.000 0.000 0.000 0.000 0.000 0.000 0.000 0.000 0.000 0.000 0.000 0.000 0.000 0.000 0.000 0.000 0.000
0.000 0.000 0.000 0.000 0.000 0.000 0.000 0.000 0.000 0.000 0.000 0.000 0.000 0.000 0.000 0.000 0.000 0.000 0.000 0.002 0.020 0.153 0.802 3.651 13.159 32.601 58.229 82.089 98.494 106.345 104.841 97.260 87.674 76.780 64.075 50.482 38.366 28.614 21.114 15.343 10.933 7.749 5.498 3.887 2.705 1.833 1.214 0.785 0.494 0.299 0.173 0.094 0.049 0.024 0.012 0.005 0.002 0.001 0.000 0.000 0.000 0.000 0.000 0.000 0.000 0.000 0.000 0.000 0.000 0.000 0.000 0.000 0.000 0.000 0.000 0.000
0.000 0.000 0.000 0.000 0.000 0.000 0.000 0.000 0.000 0.000 0.000 0.000 0.000 0.000 0.000 0.000 0.000 0.000 0.000 0.000 0.004 0.038 0.258 1.345 6.184 19.221 36.739 54.584 69.805 77.711 78.377 74.230 67.494 58.901 48.591 37.769 28.503 21.413 16.092 11.929 8.665 6.286 4.577 3.315 2.359 1.635 1.113 0.744 0.485 0.306 0.184 0.105 0.058 0.030 0.015 0.007 0.003 0.001 0.000 0.000 0.000 0.000 0.000 0.000 0.000 0.000 0.000 0.000 0.000 0.000 0.000 0.000 0.000 0.000 0.000 0.000
0.000 0.000 0.000 0.000 0.000 0.000 0.000 0.000 0.000 0.000 0.000 0.000 0.000 0.000 0.000 0.000 0.000 0.000 0.000 0.000 0.000 0.006 0.068 0.446 2.347 9.430 20.653 33.784 46.090 53.916 56.228 54.405 49.978 43.750 36.126 28.276 21.712 16.705 12.837 9.678 7.129 5.250 3.887 2.867 2.081 1.476 1.032 0.711 0.479 0.312 0.195 0.117 0.067 0.037 0.020 0.010 0.005 0.002 0.001 0.000 0.000 0.000 0.000 0.000 0.000 0.000 0.000 0.000 0.000 0.000 0.000 0.000 0.000 0.000 0.000 0.000
