DepositFiles/ESRI_ASCII/MZRun013.txt
NCOLS    90
NROWS    50
XLLCORNER         225.000
YLLCORNER          32.500
CELLSIZE           0.500          0.500
NODATA_VALUE  0.000
[rows 0 to 33 of 50, columns 0 to 75 of 90]
0.000 0.000 0.000 0.000 0.000 0.000 0.000 0.000 0.000 0.001 0.004 0.019 0.055 0.103 0.162 0.234 0.313 0.391 0.461 0.530 0.610 0.693 0.761 0.808 0.850 0.909 0.974 1.019 1.052 1.086 1.136 1.187 1.227 1.260 1.296 1.356 1.427 1.474 1.476 1.453 1.427 1.391 1.336 1.287 1.281 1.416 1.662 1.939 2.122 2.193 2.170 2.129 2.078 1.999 1.895 1.782 1.680 1.570 1.448 1.325 1.213 1.116 1.012 0.899 0.780 0.667 0.568 0.468 0.365 0.265 0.183 0.121 0.076 0.044 0.025 0.013
0.000 0.000 0.000 0.000 0.000 0.000 0.000 0.000 0.000 0.000 0.000 0.001 0.011 0.037 0.079 0.128 0.185 0.245 0.308 0.374 0.447 0.524 0.602 0.677 0.749 0.829 0.902 0.963 1.011 1.053 1.104 1.145 1.169 1.181 1.200 1.235 1.270 1.280 1.274 1.257 1.240 1.212 1.170 1.151 1.181 1.338 1.629 1.944 2.146 2.199 2.163 2.134 2.109 2.059 1.984 1.912 1.851 1.785 1.702 1.601 1.506 1.424 1.334 1.231 1.122 1.018 0.926 0.831 0.728 0.620 0.520 0.432 0.349 0.268 0.191 0.132
0.000 0.000 0.000 0.000 0.000 0.000 0.000 0.000 0.000 0.000 0.000 0.000 0.000 0.007 0.026 0.060 0.103 0.149 0.201 0.259 0.323 0.391 0.458 0.526 0.599 0.678 0.753 0.817 0.868 0.917 0.972 1.016 1.040 1.053 1.074 1.107 1.137 1.146 1.144 1.139 1.134 1.114 1.077 1.064 1.122 1.320 1.662 2.025 2.243 2.279 2.234 2.206 2.188 2.143 2.079 2.019 1.987 1.946 1.883 1.805 1.732 1.679 1.614 1.528 1.429 1.334 1.259 1.180 1.089 0.988 0.892 0.816 0.740 0.656 0.564 0.474
0.000 0.000 0.000 0.000 0.000 0.000 0.000 0.000 0.000 0.000 0.000 0.000 0.000 0.000 0.002 0.009 0.026 0.055 0.096 0.145 0.199 0.258 0.318 0.380 0.446 0.518 0.589 0.654 0.711 0.765 0.826 0.879 0.915 0.937 0.962 1.004 1.039 1.052 1.049 1.043 1.038 1.014 0.974 0.970 1.055 1.298 1.682 2.057 2.255 2.270 2.203 2.174 2.161 2.127 2.079 2.034 2.022 2.000 1.958 1.901 1.847 1.814 1.770 1.706 1.624 1.547 1.493 1.435 1.362 1.277 1.197 1.140 1.082 1.017 0.942 0.864
0.000 0.000 0.000 0.000 0.000 0.000 0.000 0.000 0.000 0.000 0.000 0.000 0.000 0.000 0.000 0.000 0.001 0.006 0.017 0.039 0.082 0.137 0.196 0.258 0.321 0.388 0.458 0.527 0.590 0.649 0.710 0.768 0.815 0.849 0.885 0.934 0.975 0.992 0.994 0.994 0.990 0.957 0.909 0.896 0.989 1.266 1.678 2.051 2.218 2.211 2.140 2.133 2.116 2.080 2.031 2.000 2.000 1.996 1.969 1.926 1.886 1.864 1.830 1.773 1.701 1.633 1.591 1.547 1.490 1.419 1.353 1.309 1.268 1.217 1.157 1.095
0.000 0.000 0.000 0.000 0.000 0.000 0.000 0.000 0.000 0.000 0.000 0.000 0.000 0.000 0.000 0.000 0.000 0.000 0.001 0.003 0.012 0.037 0.083 0.147 0.217 0.287 0.360 0.435 0.506 0.572 0.638 0.700 0.753 0.799 0.850 0.908 0.961 1.000 1.024 1.030 1.020 0.967 0.909 0.877 0.958 1.225 1.630 1.950 2.104 2.108 2.080 2.077 2.061 2.030 1.993 1.976 1.989 2.004 1.997 1.969 1.943 1.934 1.912 1.863 1.796 1.735 1.699 1.661 1.610 1.545 1.485 1.450 1.419 1.377 1.328 1.280
0.000 0.000 0.000 0.000 0.000 0.000 0.000 0.000 0.000 0.000 0.000 0.000 0.000 0.000 0.000 0.000 0.000 0.000 0.000 0.000 0.001 0.005 0.017 0.052 0.111 0.180 0.263 0.347 0.425 0.498 0.570 0.639 0.700 0.756 0.825 0.965 1.126 1.258 1.312 1.299 1.230 1.116 0.997 0.929 0.981 1.191 1.512 1.771 1.904 1.945 1.952 1.963 1.969 1.963 1.955 1.961 1.998 2.037 2.055 2.051 2.047 2.057 2.054 2.020 1.966 1.918 1.899 1.880 1.849 1.809 1.773 1.756 1.740 1.711 1.674 1.636
0.000 0.000 0.000 0.000 0.000 0.000 0.000 0.000 0.000 0.000 0.000 0.000 0.000 0.000 0.000 0.000 0.000 0.000 0.000 0.000 0.000 0.001 0.006 0.021 0.044 0.089 0.163 0.241 0.330 0.440 0.573 0.727 0.918 1.162 1.493 1.837 2.058 2.141 2.093 1.952 1.747 1.508 1.270 1.118 1.088 1.173 1.356 1.551 1.691 1.745 1.760 1.790 1.825 1.846 1.865 1.903 1.969 2.036 2.082 2.107 2.132 2.170 2.197 2.191 2.164 2.149 2.161 2.173 2.167 2.144 2.121 2.113 2.105 2.085 2.050 2.013
0.000 0.000 0.000 0.000 0.000 0.000 0.000 0.000 0.000 0.000 0.000 0.000 0.000 0.000 0.000 0.000 0.000 0.000 0.001 0.001 0.001 0.001 0.002 0.011 0.031 0.081 0.217 0.437 0.740 1.118 1.599 2.129 2.675 3.130 3.481 3.728 3.823 3.733 3.481 3.124 2.685 2.242 1.839 1.537 1.305 1.187 1.211 1.322 1.450 1.518 1.548 1.600 1.660 1.708 1.752 1.814 1.908 2.010 2.091 2.147 2.198 2.259 2.316 2.345 2.355 2.371 2.415 2.449 2.455 2.434 2.407 2.399 2.390 2.365 2.324 2.279
0.000 0.000 0.000 0.000 0.000 0.000 0.000 0.000 0.000 0.000 0.000 0.000 0.000 0.000 0.000 0.000 0.000 0.001 0.001 0.002 0.001 0.001 0.001 0.006 0.054 0.294 0.730 1.301 2.019 2.913 3.905 4.866 5.670 6.219 6.517 6.627 6.525 6.186 5.630 4.897 4.121 3.402 2.752 2.168 1.670 1.298 1.133 1.143 1.222 1.303 1.366 1.437 1.519 1.603 1.679 1.775 1.899 2.030 2.134 2.207 2.284 2.377 2.457 2.503 2.523 2.552 2.605 2.653 2.661 2.629 2.584 2.559 2.532 2.486 2.421 2.352
0.000 0.000 0.000 0.000 0.000 0.000 0.000 0.000 0.000 0.000 0.000 0.000 0.000 0.000 0.000 0.000 0.000 0.001 0.002 0.002 0.002 0.001 0.002 0.031 0.241 0.763 1.569 2.621 3.898 5.342 6.806 8.223 9.487 10.293 10.549 10.452 10.140 9.531 8.598 7.402 6.191 5.071 4.045 3.092 2.254 1.608 1.229 1.088 1.084 1.142 1.220 1.304 1.409 1.526 1.636 1.765 1.928 2.102 2.255 2.355 2.452 2.563 2.659 2.719 2.743 2.763 2.795 2.814 2.789 2.720 2.640 2.582 2.528 2.457 2.367 2.274
0.000 0.000 0.000 0.000 0.000 0.000 0.000 0.000 0.000 0.000 0.000 0.000 0.000 0.000 0.000 0.000 0.000 0.001 0.002 0.003 0.003 0.007 0.033 0.166 0.591 1.406 2.604 4.130 5.900 7.769 9.703 11.551 13.193 14.302 14.650 14.598 14.261 13.570 12.388 10.828 9.175 7.560 6.058 4.688 3.490 2.489 1.770 1.342 1.141 1.079 1.119 1.199 1.319 1.459 1.603 1.760 1.958 2.179 2.403 2.569 2.706 2.830 2.916 2.959 2.947 2.926 2.918 2.899 2.839 2.735 2.617 2.520 2.427 2.325 2.209 2.092
0.000 0.000 0.000 0.000 0.000 0.000 0.000 0.000 0.000 0.000 0.000 0.000 0.000 0.000 0.000 0.000 0.000 0.001 0.002 0.006 0.013 0.039 0.130 0.410 1.114 2.308 3.997 5.988 8.172 10.410 12.580 14.578 16.340 17.605 18.272 18.550 18.560 18.244 17.223 15.623 13.676 11.494 9.349 7.364 5.586 4.075 2.875 1.995 1.440 1.171 1.094 1.130 1.245 1.399 1.568 1.765 2.017 2.307 2.558 2.743 2.874 2.971 3.021 3.017 2.951 2.857 2.775 2.689 2.580 2.444 2.297 2.165 2.041 1.924 1.805 1.697
0.000 0.000 0.000 0.000 0.000 0.000 0.000 0.000 0.000 0.000 0.000 0.000 0.000 0.000 0.000 0.000 0.000 0.001 0.004 0.010 0.027 0.078 0.233 0.728 1.774 3.451 5.597 7.949 10.454 12.941 15.239 17.323 19.161 20.620 21.657 22.503 23.141 23.179 22.277 20.608 18.369 15.797 13.114 10.531 8.158 6.103 4.387 2.994 1.994 1.417 1.162 1.130 1.230 1.411 1.612 1.852 2.113 2.370 2.587 2.716 2.769 2.762 2.704 2.603 2.479 2.344 2.219 2.098 1.971 1.836 1.691 1.552 1.423 1.299 1.181 1.085
0.000 0.000 0.000 0.000 0.000 0.000 0.000 0.000 0.000 0.000 0.000 0.000 0.000 0.000 0.000 0.000 0.000 0.001 0.004 0.012 0.032 0.090 0.281 0.923 2.360 4.590 7.102 9.747 12.472 15.112 17.532 19.780 21.697 23.231 24.476 25.392 26.306 26.552 26.246 25.072 22.914 20.102 16.965 13.853 10.955 8.444 6.242 4.362 2.898 2.016 1.558 1.400 1.445 1.574 1.737 1.908 2.063 2.234 2.332 2.365 2.330 2.239 2.090 1.911 1.716 1.530 1.378 1.252 1.133 1.007 0.882 0.768 0.673 0.591 0.520 0.476
0.000 0.000 0.000 0.000 0.000 0.000 0.000 0.000 0.000 0.000 0.000 0.000 0.000 0.000 0.000 0.000 0.001 0.001 0.004 0.009 0.022 0.066 0.247 1.028 2.894 5.403 8.271 11.276 14.380 17.603 20.954 23.702 25.670 26.848 27.436 27.684 28.124 28.430 28.854 28.589 26.768 23.874 20.348 16.876 13.752 10.982 8.422 6.204 4.507 3.291 2.485 2.041 1.856 1.817 1.845 1.897 1.964 2.015 1.984 1.890 1.755 1.580 1.378 1.169 0.985 0.841 0.724 0.622 0.524 0.429 0.335 0.260 0.205 0.168 0.148 0.140
0.000 0.000 0.000 0.000 0.000 0.000 0.000 0.000 0.000 0.000 0.000 0.000 0.000 0.000 0.000 0.000 0.001 0.001 0.004 0.010 0.030 0.092 0.340 1.303 3.369 5.956 9.208 13.218 18.170 23.276 27.762 30.442 31.709 31.863 31.152 30.277 30.561 31.965 33.588 33.213 30.983 27.324 23.217 19.593 16.573 13.825 11.251 8.888 6.808 5.037 3.668 2.738 2.222 1.931 1.779 1.703 1.651 1.604 1.522 1.400 1.237 1.047 0.841 0.647 0.500 0.393 0.308 0.236 0.174 0.123 0.084 0.058 0.041 0.029 0.021 0.017
0.000 0.000 0.000 0.000 0.000 0.000 0.000 0.000 0.000 0.000 0.000 0.000 0.000 0.000 0.000 0.000 0.001 0.003 0.008 0.023 0.065 0.185 0.561 1.720 3.790 6.591 11.238 17.709 24.283 30.700 36.504 39.425 40.200 39.223 36.789 35.509 37.082 39.809 40.387 38.777 34.772 29.944 25.638 22.522 19.779 17.227 14.666 11.977 9.265 6.700 4.631 3.125 2.251 1.731 1.417 1.293 1.241 1.183 1.101 0.989 0.845 0.678 0.512 0.367 0.255 0.174 0.118 0.078 0.051 0.032 0.020 0.012 0.008 0.005 0.003 0.003
0.000 0.000 0.000 0.000 0.000 0.000 0.000 0.000 0.000 0.000 0.000 0.000 0.000 0.000 0.000 0.000 0.002 0.005 0.017 0.051 0.140 0.396 0.988 2.269 4.614 8.841 15.441 23.426 31.765 39.732 47.260 51.244 51.954 50.172 47.275 47.794 50.277 51.636 48.645 43.437 37.124 31.684 28.233 25.430 22.986 20.674 17.893 14.658 11.148 7.612 4.751 2.893 1.806 1.230 1.049 0.996 0.951 0.895 0.818 0.723 0.611 0.482 0.347 0.226 0.132 0.070 0.036 0.019 0.011 0.006 0.004 0.002 0.001 0.001 0.000 0.000
0.000 0.000 0.000 0.000 0.000 0.000 0.000 0.000 0.000 0.000 0.000 0.000 0.000 0.000 0.000 0.001 0.003 0.011 0.034 0.099 0.280 0.749 1.639 3.457 7.104 13.171 20.977 30.502 40.077 49.140 57.256 62.000 62.933 62.474 63.154 66.190 67.912 64.354 57.306 47.375 38.743 33.615 30.159 27.781 25.652 23.308 20.037 15.959 11.295 7.042 3.848 2.027 1.126 0.899 0.856 0.815 0.771 0.724 0.672 0.604 0.521 0.418 0.304 0.197 0.111 0.052 0.020 0.006 0.002 0.001 0.000 0.000 0.000 0.000 0.000 0.000
0.000 0.000 0.000 0.000 0.000 0.000 0.000 0.000 0.000 0.000 0.000 0.000 0.000 0.000 0.000 0.001 0.006 0.020 0.062 0.184 0.525 1.270 2.657 5.504 10.918 18.273 27.332 37.969 48.075 57.085 64.210 69.299 72.268 77.225 82.739 87.289 86.266 79.254 65.225 49.511 38.636 33.056 30.517 29.087 27.165 24.271 19.804 14.557 9.265 4.785 2.191 1.054 0.780 0.740 0.712 0.684 0.660 0.637 0.604 0.558 0.494 0.412 0.316 0.218 0.133 0.071 0.031 0.011 0.003 0.000 0.000 0.000 0.000 0.000 0.000 0.000
0.000 0.000 0.000 0.000 0.000 0.000 0.000 0.000 0.000 0.000 0.000 0.000 0.000 0.000 0.001 0.003 0.010 0.033 0.102 0.312 0.861 1.826 3.613 7.667 14.499 23.601 34.207 45.487 55.715 63.123 69.082 75.411 83.641 94.876 102.144 106.224 101.997 87.060 65.963 47.815 36.167 31.392 30.364 29.283 27.023 22.970 17.328 11.127 5.645 2.220 0.905 0.653 0.627 0.612 0.601 0.593 0.585 0.572 0.552 0.520 0.472 0.405 0.325 0.239 0.159 0.095 0.051 0.024 0.009 0.003 0.000 0.000 0.000 0.000 0.000 0.000
0.000 0.000 0.000 0.000 0.000 0.000 0.000 0.000 0.000 0.000 0.000 0.000 0.000 0.000 0.001 0.004 0.015 0.048 0.145 0.434 1.056 2.116 4.347 8.992 16.840 28.108 45.290 68.331 80.909 85.671 85.833 86.773 99.326 111.484 115.476 114.115 102.738 83.857 61.824 43.031 31.936 29.122 29.188 27.833 24.578 19.139 12.346 6.341 2.230 0.715 0.528 0.526 0.523 0.519 0.517 0.516 0.516 0.511 0.501 0.479 0.443 0.391 0.326 0.252 0.180 0.118 0.072 0.040 0.020 0.009 0.004 0.001 0.000 0.000 0.000 0.000
0.000 0.000 0.000 0.000 0.000 0.000 0.000 0.000 0.000 0.000 0.000 0.000 0.000 0.000 0.001 0.005 0.017 0.055 0.166 0.487 1.132 2.236 4.618 9.034 18.858 40.587 78.043 122.629 138.998 143.647 134.663 116.133 117.677 119.025 113.427 105.442 90.983 73.093 53.242 36.885 27.829 26.404 25.430 22.630 17.772 12.046 6.352 2.234 0.631 0.425 0.436 0.449 0.452 0.450 0.451 0.455 0.459 0.461 0.458 0.446 0.422 0.383 0.330 0.267 0.202 0.143 0.095 0.060 0.036 0.020 0.011 0.005 0.003 0.002 0.001 0.001
0.000 0.000 0.000 0.000 0.000 0.000 0.000 0.000 0.000 0.000 0.000 0.000 0.000 0.000 0.001 0.005 0.018 0.056 0.166 0.466 1.012 2.058 4.865 12.376 33.636 84.261 163.947 222.442 234.728 229.899 210.062 170.475 136.852 111.891 100.250 88.885 75.249 60.752 45.353 31.564 23.715 21.837 19.280 15.296 10.142 5.262 2.138 0.714 0.386 0.365 0.384 0.395 0.399 0.398 0.398 0.402 0.409 0.417 0.424 0.422 0.409 0.384 0.345 0.293 0.233 0.175 0.125 0.086 0.058 0.038 0.024 0.016 0.011 0.008 0.007 0.007
0.000 0.000 0.000 0.000 0.000 0.000 0.000 0.000 0.000 0.000 0.000 0.000 0.000 0.000 0.001 0.004 0.013 0.040 0.116 0.331 0.764 1.797 6.008 24.476 87.035 214.630 380.871 436.831 405.823 346.298 282.511 223.678 155.509 98.339 81.428 72.858 62.724 52.305 37.981 25.162 18.949 16.216 12.582 8.261 4.601 2.184 0.959 0.429 0.316 0.326 0.345 0.356 0.359 0.357 0.354 0.358 0.367 0.378 0.389 0.395 0.395 0.383 0.360 0.322 0.273 0.218 0.167 0.124 0.090 0.065 0.046 0.034 0.026 0.021 0.018 0.019
0.000 0.000 0.000 0.000 0.000 0.000 0.000 0.000 0.000 0.000 0.000 0.000 0.000 0.000 0.001 0.002 0.007 0.023 0.067 0.194 0.475 1.338 7.635 58.243 226.647 541.810 804.031 839.979 718.126 491.118 333.862 237.864 151.813 84.255 66.822 60.915 53.360 42.422 28.943 18.448 14.097 10.686 7.130 4.267 2.318 1.189 0.544 0.294 0.271 0.293 0.313 0.323 0.324 0.322 0.320 0.323 0.332 0.344 0.356 0.364 0.368 0.367 0.355 0.332 0.296 0.252 0.205 0.162 0.126 0.097 0.075 0.059 0.048 0.041 0.038 0.037
0.000 0.000 0.000 0.000 0.000 0.000 0.000 0.000 0.000 0.000 0.000 0.000 0.000 0.000 0.000 0.001 0.004 0.011 0.030 0.085 0.216 0.767 9.157 107.207 365.237 925.728 1247.297 1249.207 990.056 605.020 334.349 209.717 127.735 71.525 56.474 50.428 41.670 30.244 19.484 13.160 9.615 6.697 4.347 2.610 1.456 0.727 0.340 0.230 0.236 0.260 0.281 0.292 0.296 0.296 0.295 0.295 0.305 0.316 0.328 0.337 0.342 0.344 0.339 0.325 0.302 0.270 0.232 0.194 0.160 0.130 0.107 0.089 0.076 0.068 0.064 0.064
0.000 0.000 0.000 0.000 0.000 0.000 0.000 0.000 0.000 0.000 0.000 0.000 0.000 0.000 0.000 0.000 0.002 0.005 0.010 0.023 0.062 0.334 7.713 116.751 383.348 1129.438 1535.464 1438.539 1034.470 586.499 288.133 163.385 95.763 56.120 46.618 39.138 29.353 19.916 13.197 9.257 6.645 4.570 2.962 1.792 0.975 0.465 0.235 0.189 0.203 0.228 0.251 0.266 0.272 0.273 0.273 0.274 0.282 0.295 0.306 0.317 0.325 0.330 0.329 0.321 0.304 0.281 0.252 0.222 0.192 0.165 0.143 0.126 0.115 0.108 0.104 0.103
0.000 0.000 0.000 0.000 0.000 0.000 0.000 0.000 0.000 0.000 0.000 0.000 0.000 0.000 0.000 0.000 0.000 0.001 0.003 0.005 0.013 0.087 3.519 66.811 297.454 1023.704 1362.692 1218.967 799.385 393.672 180.340 99.428 60.040 44.021 37.329 28.349 19.666 13.358 9.372 6.808 4.867 3.318 2.151 1.269 0.656 0.306 0.172 0.155 0.173 0.199 0.223 0.239 0.247 0.251 0.253 0.255 0.261 0.273 0.286 0.298 0.310 0.321 0.328 0.326 0.315 0.299 0.278 0.255 0.232 0.212 0.194 0.182 0.173 0.167 0.161 0.155
0.000 0.000 0.000 0.000 0.000 0.000 0.000 0.000 0.000 0.000 0.000 0.000 0.000 0.000 0.000 0.000 0.000 0.000 0.000 0.001 0.002 0.009 0.370 10.856 150.597 321.003 449.587 464.081 343.287 171.435 92.385 55.789 41.295 35.370 27.432 19.485 13.561 9.525 7.003 5.214 3.696 2.504 1.569 0.882 0.433 0.201 0.129 0.129 0.149 0.175 0.199 0.216 0.226 0.232 0.236 0.238 0.243 0.253 0.266 0.279 0.294 0.312 0.329 0.338 0.339 0.331 0.319 0.305 0.291 0.277 0.266 0.257 0.249 0.238 0.225 0.209
0.000 0.000 0.000 0.000 0.000 0.000 0.000 0.000 0.000 0.000 0.000 0.000 0.000 0.000 0.000 0.000 0.000 0.000 0.000 0.000 0.000 0.001 0.015 1.224 15.735 84.192 173.212 188.921 135.034 77.740 48.314 35.691 30.808 25.157 18.922 13.471 9.544 7.097 5.369 3.936 2.739 1.784 1.060 0.555 0.253 0.125 0.099 0.110 0.131 0.156 0.180 0.198 0.211 0.218 0.222 0.225 0.228 0.236 0.247 0.259 0.272 0.291 0.314 0.334 0.347 0.352 0.352 0.349 0.344 0.337 0.329 0.317 0.302 0.284 0.261 0.237
0.000 0.000 0.000 0.000 0.000 0.000 0.000 0.000 0.000 0.000 0.000 0.000 0.000 0.000 0.000 0.000 0.000 0.000 0.000 0.000 0.000 0.000 0.001 0.020 0.468 4.821 15.605 24.327 27.389 26.464 23.884 21.823 19.584 16.065 12.283 8.989 6.777 5.227 3.955 2.829 1.890 1.169 0.650 0.316 0.143 0.084 0.079 0.092 0.113 0.137 0.161 0.181 0.196 0.207 0.214 0.217 0.220 0.225 0.233 0.241 0.250 0.265 0.286 0.308 0.329 0.344 0.352 0.355 0.353 0.348 0.341 0.329 0.311 0.288 0.262 0.234
0.000 0.000 0.000 0.000 0.000 0.000 0.000 0.000 0.000 0.000 0.000 0.000 0.000 0.000 0.000 0.000 0.000 0.000 0.000 0.000 0.000 0.000 0.000 0.000 0.006 0.132 1.346 3.976 7.456 10.440 12.011 12.206 11.285 9.480 7.551 5.950 4.723 3.655 2.706 1.855 1.172 0.677 0.352 0.164 0.079 0.055 0.058 0.072 0.092 0.116 0.139 0.161 0.179 0.194 0.204 0.211 0.215 0.220 0.226 0.232 0.238 0.249 0.264 0.283 0.302 0.318 0.329 0.336 0.337 0.334 0.328 0.316 0.298 0.274 0.248 0.217
