DepositFiles/ESRI_ASCII/MZRun034.txt
NCOLS    90
NROWS    50
XLLCORNER         225.000
YLLCORNER          32.500
CELLSIZE           0.500          0.500
NODATA_VALUE  0.000
[rows 0 to 33 of 50, columns 0 to 75 of 90]
0.000 0.000 0.000 0.000 0.000 0.000 0.000 0.000 0.000 0.000 0.000 0.000 0.001 0.002 0.003 0.005 0.007 0.009 0.011 0.013 0.016 0.020 0.024 0.029 0.032 0.037 0.043 0.050 0.058 0.065 0.071 0.078 0.088 0.100 0.111 0.121 0.132 0.146 0.164 0.186 0.210 0.235 0.260 0.275 0.279 0.272 0.260 0.245 0.227 0.208 0.187 0.168 0.149 0.131 0.113 0.096 0.081 0.067 0.055 0.044 0.035 0.027 0.021 0.016 0.012 0.009 0.006 0.004 0.003 0.002 0.002 0.001 0.001 0.001 0.000 0.000
0.000 0.000 0.000 0.000 0.000 0.000 0.000 0.000 0.000 0.000 0.000 0.000 0.001 0.002 0.004 0.006 0.009 0.013 0.016 0.020 0.024 0.030 0.038 0.046 0.052 0.059 0.068 0.080 0.093 0.106 0.117 0.130 0.147 0.168 0.191 0.212 0.236 0.268 0.311 0.362 0.416 0.466 0.502 0.519 0.517 0.500 0.479 0.456 0.430 0.400 0.366 0.334 0.301 0.268 0.233 0.200 0.171 0.146 0.122 0.101 0.083 0.068 0.055 0.045 0.036 0.028 0.022 0.018 0.014 0.010 0.008 0.006 0.004 0.003 0.002 0.002
0.000 0.000 0.000 0.000 0.000 0.000 0.000 0.000 0.000 0.000 0.000 0.000 0.001 0.002 0.005 0.008 0.013 0.019 0.025 0.031 0.038 0.048 0.060 0.073 0.086 0.098 0.113 0.132 0.153 0.176 0.197 0.219 0.251 0.289 0.332 0.376 0.429 0.498 0.587 0.692 0.793 0.866 0.906 0.920 0.908 0.880 0.849 0.815 0.778 0.728 0.671 0.612 0.554 0.493 0.431 0.372 0.320 0.274 0.232 0.194 0.160 0.133 0.110 0.090 0.073 0.059 0.047 0.038 0.031 0.024 0.019 0.015 0.012 0.009 0.007 0.005
0.000 0.000 0.000 0.000 0.000 0.000 0.000 0.000 0.000 0.000 0.000 0.000 0.001 0.003 0.006 0.011 0.018 0.027 0.038 0.048 0.059 0.073 0.092 0.114 0.137 0.158 0.182 0.211 0.246 0.284 0.321 0.362 0.416 0.482 0.558 0.645 0.749 0.881 1.047 1.227 1.374 1.458 1.497 1.502 1.481 1.444 1.400 1.354 1.293 1.208 1.107 1.004 0.905 0.804 0.702 0.603 0.519 0.446 0.380 0.319 0.266 0.223 0.187 0.156 0.128 0.104 0.086 0.070 0.057 0.046 0.037 0.029 0.023 0.019 0.015 0.011
0.000 0.000 0.000 0.000 0.000 0.000 0.000 0.000 0.000 0.000 0.000 0.000 0.001 0.004 0.009 0.015 0.024 0.038 0.055 0.073 0.090 0.112 0.141 0.176 0.213 0.249 0.287 0.334 0.389 0.450 0.514 0.586 0.678 0.789 0.922 1.079 1.267 1.503 1.776 2.043 2.218 2.305 2.337 2.332 2.306 2.258 2.196 2.119 2.008 1.856 1.680 1.507 1.342 1.177 1.015 0.863 0.737 0.631 0.537 0.452 0.378 0.319 0.270 0.227 0.189 0.157 0.130 0.109 0.091 0.075 0.061 0.050 0.040 0.033 0.026 0.021
0.000 0.000 0.000 0.000 0.000 0.000 0.000 0.000 0.000 0.000 0.000 0.000 0.001 0.005 0.012 0.021 0.034 0.053 0.078 0.108 0.136 0.169 0.213 0.266 0.327 0.388 0.450 0.524 0.610 0.709 0.817 0.941 1.096 1.281 1.507 1.776 2.103 2.486 2.897 3.233 3.421 3.505 3.528 3.517 3.488 3.420 3.316 3.173 2.966 2.700 2.406 2.124 1.859 1.606 1.366 1.151 0.976 0.830 0.703 0.591 0.494 0.416 0.353 0.299 0.250 0.209 0.176 0.149 0.125 0.105 0.088 0.074 0.063 0.053 0.045 0.037
0.000 0.000 0.000 0.000 0.000 0.000 0.000 0.000 0.000 0.000 0.000 0.000 0.002 0.007 0.017 0.030 0.048 0.075 0.112 0.158 0.203 0.254 0.320 0.400 0.496 0.595 0.695 0.813 0.949 1.108 1.289 1.502 1.762 2.068 2.437 2.887 3.418 4.000 4.553 4.924 5.109 5.184 5.194 5.183 5.143 5.029 4.841 4.571 4.209 3.771 3.306 2.869 2.472 2.111 1.780 1.490 1.256 1.063 0.899 0.756 0.634 0.537 0.459 0.392 0.335 0.288 0.254 0.227 0.206 0.187 0.171 0.156 0.141 0.127 0.114 0.101
0.000 0.000 0.000 0.000 0.000 0.000 0.000 0.000 0.000 0.000 0.000 0.001 0.004 0.011 0.025 0.046 0.071 0.108 0.161 0.229 0.301 0.378 0.476 0.597 0.743 0.900 1.060 1.248 1.463 1.720 2.023 2.384 2.816 3.309 3.904 4.624 5.435 6.259 6.904 7.260 7.423 7.471 7.475 7.458 7.380 7.167 6.820 6.340 5.728 5.043 4.353 3.727 3.179 2.692 2.255 1.882 1.585 1.346 1.148 0.981 0.847 0.751 0.685 0.635 0.594 0.556 0.519 0.483 0.446 0.409 0.372 0.336 0.301 0.269 0.238 0.210
0.000 0.000 0.000 0.000 0.000 0.000 0.000 0.000 0.000 0.000 0.001 0.002 0.007 0.017 0.039 0.068 0.105 0.157 0.232 0.331 0.439 0.556 0.702 0.881 1.100 1.343 1.597 1.894 2.236 2.651 3.155 3.758 4.453 5.241 6.183 7.275 8.446 9.486 10.118 10.421 10.524 10.550 10.559 10.516 10.334 9.924 9.301 8.469 7.513 6.524 5.568 4.722 3.988 3.357 2.816 2.374 2.041 1.804 1.640 1.520 1.422 1.335 1.250 1.164 1.078 0.992 0.908 0.827 0.748 0.673 0.602 0.536 0.475 0.419 0.368 0.323
0.000 0.000 0.000 0.000 0.000 0.000 0.000 0.000 0.000 0.001 0.002 0.005 0.013 0.028 0.058 0.101 0.152 0.226 0.331 0.472 0.631 0.806 1.023 1.287 1.615 1.984 2.381 2.850 3.396 4.072 4.902 5.870 6.970 8.219 9.652 11.239 12.788 13.896 14.429 14.638 14.680 14.730 14.754 14.628 14.218 13.461 12.367 11.035 9.650 8.275 6.990 5.882 4.977 4.264 3.741 3.379 3.113 2.888 2.676 2.471 2.275 2.088 1.906 1.727 1.554 1.390 1.239 1.101 0.975 0.861 0.758 0.666 0.585 0.512 0.447 0.390
0.000 0.000 0.000 0.000 0.000 0.000 0.000 0.000 0.001 0.002 0.004 0.010 0.022 0.044 0.085 0.143 0.216 0.319 0.466 0.663 0.894 1.154 1.476 1.870 2.360 2.924 3.544 4.285 5.172 6.276 7.595 9.118 10.832 12.739 14.830 16.974 18.763 19.723 20.169 20.261 20.354 20.511 20.537 20.192 19.342 17.947 16.112 14.156 12.226 10.434 8.903 7.757 6.926 6.260 5.680 5.161 4.696 4.263 3.850 3.455 3.083 2.739 2.424 2.138 1.880 1.650 1.446 1.266 1.107 0.966 0.841 0.733 0.638 0.555 0.482 0.418
0.000 0.000 0.000 0.000 0.000 0.000 0.000 0.001 0.002 0.004 0.008 0.017 0.035 0.066 0.120 0.199 0.300 0.442 0.644 0.918 1.249 1.630 2.105 2.695 3.430 4.289 5.262 6.452 7.883 9.628 11.685 14.015 16.593 19.384 22.227 24.862 26.554 27.407 27.748 27.951 28.277 28.557 28.362 27.441 25.746 23.336 20.684 18.147 15.926 14.101 12.553 11.223 10.043 8.986 8.017 7.126 6.310 5.562 4.883 4.274 3.731 3.250 2.823 2.448 2.120 1.831 1.579 1.359 1.166 0.999 0.854 0.732 0.627 0.537 0.460 0.396
0.000 0.000 0.000 0.000 0.000 0.000 0.000 0.001 0.003 0.006 0.013 0.026 0.051 0.093 0.164 0.268 0.404 0.596 0.869 1.240 1.700 2.250 2.939 3.811 4.906 6.207 7.720 9.578 11.828 14.538 17.635 21.071 24.804 28.631 32.270 35.082 36.598 37.485 38.021 38.558 39.027 39.034 38.132 36.230 33.389 30.163 27.232 24.467 21.861 19.407 17.205 15.184 13.314 11.621 10.119 8.801 7.631 6.590 5.673 4.874 4.180 3.570 3.033 2.566 2.162 1.816 1.521 1.271 1.061 0.884 0.738 0.619 0.521 0.441 0.376 0.322
0.000 0.000 0.000 0.000 0.000 0.000 0.001 0.002 0.004 0.009 0.019 0.037 0.069 0.123 0.214 0.346 0.523 0.775 1.131 1.619 2.239 3.005 3.981 5.245 6.844 8.768 11.068 13.929 17.391 21.439 25.957 30.866 35.995 40.987 45.329 47.987 49.651 50.701 51.596 52.325 52.565 51.898 50.172 47.413 43.870 40.069 36.161 32.249 28.406 24.775 21.497 18.562 15.935 13.624 11.633 9.925 8.426 7.107 5.960 4.978 4.145 3.434 2.828 2.318 1.893 1.541 1.252 1.015 0.823 0.669 0.545 0.448 0.371 0.310 0.260 0.222
0.000 0.000 0.000 0.000 0.000 0.000 0.001 0.002 0.005 0.012 0.024 0.047 0.087 0.152 0.261 0.420 0.641 0.957 1.407 2.035 2.848 3.884 5.235 7.029 9.316 12.121 15.558 19.826 24.932 30.811 37.201 43.935 50.680 56.969 61.653 64.263 65.868 67.323 68.729 69.649 69.658 68.721 66.450 62.185 56.811 51.146 45.258 39.368 33.816 28.838 24.525 20.754 17.416 14.498 12.006 9.924 8.160 6.664 5.416 4.390 3.549 2.850 2.268 1.789 1.403 1.097 0.855 0.666 0.520 0.408 0.325 0.263 0.216 0.179 0.151 0.129
0.000 0.000 0.000 0.000 0.000 0.000 0.001 0.003 0.007 0.015 0.030 0.058 0.103 0.177 0.297 0.476 0.734 1.109 1.659 2.447 3.496 4.875 6.731 9.238 12.454 16.462 21.445 27.621 34.939 43.156 51.849 60.732 69.350 76.790 81.091 83.324 85.484 88.203 90.791 92.553 92.942 90.842 85.335 77.870 69.395 60.692 52.215 44.287 37.152 30.919 25.574 20.925 16.929 13.591 10.878 8.708 6.943 5.486 4.290 3.320 2.545 1.923 1.432 1.058 0.781 0.576 0.426 0.316 0.236 0.179 0.139 0.110 0.089 0.074 0.063 0.056
0.000 0.000 0.000 0.000 0.000 0.000 0.001 0.003 0.008 0.018 0.036 0.066 0.115 0.193 0.321 0.512 0.797 1.219 1.864 2.811 4.115 5.908 8.408 11.830 16.260 21.856 28.857 37.448 47.502 58.491 69.795 81.048 91.552 98.825 102.382 105.356 110.065 115.645 120.774 123.120 120.844 113.687 103.311 91.234 78.793 67.024 56.157 46.265 37.503 30.103 24.019 18.978 14.834 11.499 8.860 6.779 5.108 3.771 2.737 1.962 1.391 0.968 0.660 0.442 0.294 0.195 0.129 0.087 0.060 0.042 0.031 0.024 0.019 0.016 0.014 0.012
0.000 0.000 0.000 0.000 0.000 0.000 0.001 0.004 0.009 0.020 0.039 0.071 0.121 0.202 0.331 0.528 0.828 1.283 2.006 3.083 4.620 6.848 10.046 14.530 20.450 27.996 37.380 48.820 62.019 76.043 90.083 103.550 114.427 120.562 125.228 132.561 142.829 152.973 158.519 156.415 146.864 132.715 116.422 99.613 83.393 68.541 55.315 43.950 34.460 26.750 20.570 15.561 11.518 8.357 5.974 4.226 2.929 1.975 1.295 0.827 0.514 0.309 0.181 0.107 0.064 0.039 0.024 0.015 0.010 0.006 0.004 0.003 0.003 0.002 0.002 0.002
0.000 0.000 0.000 0.000 0.000 0.000 0.001 0.004 0.010 0.021 0.041 0.073 0.122 0.203 0.330 0.526 0.832 1.304 2.083 3.252 4.992 7.614 11.470 17.062 24.652 34.349 46.385 61.033 77.656 94.771 111.176 125.278 134.629 142.281 153.876 170.680 187.666 197.657 196.235 183.960 165.161 143.877 121.540 99.704 80.135 63.604 49.791 38.255 28.698 21.014 15.042 10.494 7.130 4.709 3.033 1.896 1.138 0.651 0.360 0.196 0.105 0.056 0.030 0.016 0.009 0.005 0.002 0.001 0.001 0.000 0.000 0.000 0.000 0.000 0.000 0.000
0.000 0.000 0.000 0.000 0.000 0.000 0.001 0.004 0.011 0.022 0.041 0.073 0.122 0.202 0.325 0.522 0.830 1.316 2.130 3.358 5.268 8.213 12.658 19.378 28.672 40.486 55.401 73.607 93.710 113.455 130.605 143.019 154.069 172.045 198.159 224.126 239.106 238.512 223.751 199.658 171.205 141.935 114.479 90.687 70.761 54.157 40.260 28.932 20.092 13.503 8.746 5.422 3.172 1.757 0.933 0.481 0.242 0.118 0.057 0.027 0.013 0.006 0.003 0.001 0.001 0.000 0.000 0.000 0.000 0.000 0.000 0.000 0.000 0.000 0.000 0.000
0.000 0.000 0.000 0.000 0.000 0.000 0.002 0.004 0.011 0.022 0.042 0.074 0.123 0.203 0.324 0.524 0.835 1.342 2.179 3.461 5.533 8.711 13.695 21.553 32.371 46.269 64.359 86.257 109.146 129.903 145.711 159.916 185.112 223.171 261.612 282.229 282.236 264.805 233.402 196.455 159.999 127.515 99.545 75.652 55.926 40.140 27.749 18.270 11.334 6.537 3.498 1.731 0.802 0.356 0.154 0.067 0.029 0.012 0.005 0.002 0.001 0.000 0.000 0.000 0.000 0.000 0.000 0.000 0.000 0.000 0.000 0.000 0.000 0.000 0.000 0.000
0.000 0.000 0.000 0.000 0.000 0.000 0.002 0.004 0.011 0.022 0.042 0.074 0.122 0.201 0.319 0.526 0.837 1.369 2.197 3.537 5.705 8.967 14.348 22.966 34.744 50.535 71.536 95.776 119.507 139.599 157.703 189.507 240.523 293.891 323.238 325.422 304.706 264.478 219.630 177.011 139.333 106.462 79.190 57.089 39.611 26.162 16.121 9.072 4.590 2.112 0.916 0.377 0.147 0.053 0.018 0.006 0.002 0.001 0.000 0.000 0.000 0.000 0.000 0.000 0.000 0.000 0.000 0.000 0.000 0.000 0.000 0.000 0.000 0.000 0.000 0.000
0.000 0.000 0.000 0.000 0.000 0.000 0.002 0.004 0.011 0.022 0.041 0.072 0.118 0.194 0.307 0.514 0.814 1.347 2.134 3.494 5.616 8.823 14.345 23.026 35.151 52.580 75.382 99.673 122.481 144.519 180.926 243.380 311.381 353.222 361.154 337.745 290.605 239.239 191.389 148.457 112.306 82.628 58.547 39.423 24.789 14.219 7.315 3.423 1.503 0.655 0.289 0.126 0.051 0.018 0.005 0.001 0.000 0.000 0.000 0.000 0.000 0.000 0.000 0.000 0.000 0.000 0.000 0.000 0.000 0.000 0.000 0.000 0.000 0.000 0.000 0.000
0.000 0.000 0.000 0.000 0.000 0.000 0.001 0.004 0.010 0.021 0.039 0.069 0.112 0.183 0.290 0.491 0.773 1.290 2.023 3.370 5.362 8.477 13.910 22.157 34.531 53.214 75.495 97.916 121.012 158.562 228.465 308.235 364.259 380.226 357.728 307.819 251.665 198.885 153.782 116.608 85.442 59.785 39.286 23.603 12.731 6.245 2.946 1.403 0.695 0.355 0.182 0.089 0.040 0.016 0.005 0.001 0.000 0.000 0.000 0.000 0.000 0.000 0.000 0.000 0.000 0.000 0.000 0.000 0.000 0.000 0.000 0.000 0.000 0.000 0.000 0.000
0.000 0.000 0.000 0.000 0.000 0.000 0.001 0.004 0.010 0.019 0.036 0.063 0.102 0.167 0.266 0.453 0.712 1.193 1.852 3.132 4.882 7.878 12.903 20.411 33.400 52.005 72.054 92.663 125.648 195.111 281.879 351.395 376.355 357.639 310.454 253.145 199.200 155.647 119.085 87.492 60.825 39.233 22.832 11.953 5.922 2.991 1.587 0.875 0.490 0.276 0.153 0.082 0.041 0.019 0.007 0.002 0.000 0.000 0.000 0.000 0.000 0.000 0.000 0.000 0.000 0.000 0.000 0.000 0.000 0.000 0.000 0.000 0.000 0.000 0.000 0.000
0.000 0.000 0.000 0.000 0.000 0.000 0.001 0.003 0.008 0.016 0.031 0.055 0.089 0.145 0.233 0.394 0.626 1.040 1.630 2.747 4.282 7.076 11.412 18.632 32.035 49.276 66.808 91.740 147.319 232.879 310.525 344.536 332.956 291.169 240.558 193.190 153.887 119.392 88.490 61.606 39.295 22.474 11.798 6.133 3.344 1.907 1.113 0.657 0.390 0.232 0.138 0.079 0.044 0.023 0.010 0.004 0.001 0.000 0.000 0.000 0.000 0.000 0.000 0.000 0.000 0.000 0.000 0.000 0.000 0.000 0.000 0.000 0.000 0.000 0.000 0.000
0.000 0.000 0.000 0.000 0.000 0.000 0.001 0.003 0.006 0.013 0.025 0.044 0.073 0.119 0.193 0.325 0.524 0.860 1.366 2.272 3.587 6.013 9.690 16.801 29.315 44.789 63.362 98.945 165.801 239.945 282.531 281.740 251.575 215.529 181.284 149.923 119.243 89.811 63.175 40.364 23.011 12.295 6.731 3.886 2.305 1.384 0.840 0.515 0.320 0.200 0.125 0.077 0.046 0.026 0.014 0.007 0.003 0.001 0.000 0.000 0.000 0.000 0.000 0.000 0.000 0.000 0.000 0.000 0.000 0.000 0.000 0.000 0.000 0.000 0.000 0.000
0.000 0.000 0.000 0.000 0.000 0.000 0.001 0.002 0.005 0.010 0.020 0.035 0.059 0.095 0.154 0.259 0.419 0.676 1.086 1.770 2.839 4.801 7.938 14.631 25.121 40.154 63.911 103.956 157.061 199.563 210.834 197.722 180.401 162.181 142.820 118.328 90.836 64.656 41.664 24.048 13.243 7.591 4.541 2.771 1.703 1.052 0.657 0.417 0.269 0.175 0.114 0.074 0.047 0.029 0.017 0.009 0.005 0.002 0.001 0.000 0.000 0.000 0.000 0.000 0.000 0.000 0.000 0.000 0.000 0.000 0.000 0.000 0.000 0.000 0.000 0.000
0.000 0.000 0.000 0.000 0.000 0.000 0.000 0.001 0.003 0.007 0.015 0.027 0.045 0.073 0.118 0.197 0.317 0.503 0.811 1.289 2.114 3.592 6.192 12.098 20.494 38.689 63.710 93.393 120.174 136.281 140.633 140.179 136.803 128.865 112.889 89.184 64.277 42.067 25.237 14.682 8.704 5.328 3.320 2.083 1.309 0.826 0.528 0.345 0.230 0.155 0.105 0.071 0.048 0.031 0.020 0.012 0.007 0.004 0.002 0.001 0.000 0.000 0.000 0.000 0.000 0.000 0.000 0.000 0.000 0.000 0.000 0.000 0.000 0.000 0.000 0.000
0.000 0.000 0.000 0.000 0.000 0.000 0.000 0.001 0.002 0.005 0.011 0.020 0.034 0.054 0.086 0.142 0.223 0.351 0.557 0.880 1.486 2.542 4.738 9.292 17.405 36.923 53.712 69.299 83.190 95.548 104.758 109.384 107.986 98.695 82.200 61.184 41.370 26.240 16.267 10.047 6.227 3.915 2.487 1.588 1.017 0.657 0.432 0.290 0.199 0.139 0.097 0.069 0.048 0.033 0.022 0.014 0.009 0.005 0.003 0.001 0.001 0.000 0.000 0.000 0.000 0.000 0.000 0.000 0.000 0.000 0.000 0.000 0.000 0.000 0.000 0.000
0.000 0.000 0.000 0.000 0.000 0.000 0.000 0.001 0.002 0.004 0.007 0.014 0.023 0.036 0.057 0.093 0.143 0.226 0.353 0.584 1.005 1.847 3.689 7.479 15.445 25.645 37.959 50.947 64.372 75.442 81.539 82.079 77.629 68.215 54.297 38.967 26.281 17.308 11.258 7.169 4.524 2.892 1.873 1.225 0.805 0.534 0.360 0.249 0.175 0.125 0.090 0.065 0.047 0.034 0.024 0.017 0.011 0.007 0.004 0.003 0.001 0.001 0.000 0.000 0.000 0.000 0.000 0.000 0.000 0.000 0.000 0.000 0.000 0.000 0.000 0.000
0.000 0.000 0.000 0.000 0.000 0.000 0.000 0.000 0.001 0.002 0.005 0.008 0.014 0.023 0.036 0.057 0.089 0.141 0.228 0.392 0.707 1.408 2.923 6.487 12.667 21.025 30.589 40.256 48.987 54.975 56.974 55.486 50.885 43.353 33.866 24.329 16.749 11.354 7.583 4.955 3.212 2.111 1.406 0.944 0.636 0.432 0.299 0.211 0.152 0.110 0.081 0.060 0.045 0.034 0.025 0.018 0.013 0.009 0.006 0.004 0.002 0.001 0.001 0.000 0.000 0.000 0.000 0.000 0.000 0.000 0.000 0.000 0.000 0.000 0.000 0.000
0.000 0.000 0.000 0.000 0.000 0.000 0.000 0.000 0.000 0.001 0.003 0.005 0.009 0.014 0.022 0.035 0.056 0.089 0.149 0.261 0.505 1.048 2.394 5.330 10.175 16.035 22.198 28.173 33.185 36.238 36.621 34.753 31.036 25.929 20.106 14.562 10.255 7.148 4.921 3.327 2.230 1.515 1.041 0.719 0.497 0.345 0.244 0.176 0.129 0.096 0.072 0.054 0.042 0.032 0.024 0.018 0.014 0.010 0.007 0.005 0.003 0.002 0.001 0.001 0.000 0.000 0.000 0.000 0.000 0.000 0.000 0.000 0.000 0.000 0.000 0.000
0.000 0.000 0.000 0.000 0.000 0.000 0.000 0.000 0.000 0.001 0.001 0.003 0.005 0.008 0.013 0.021 0.034 0.055 0.092 0.171 0.345 0.782 1.887 4.168 7.576 11.335 15.097 18.478 21.111 22.499 22.218 20.541 17.905 14.768 11.495 8.524 6.211 4.497 3.214 2.253 1.561 1.093 0.772 0.547 0.385 0.273 0.196 0.144 0.108 0.082 0.062 0.048 0.037 0.029 0.023 0.018 0.014 0.010 0.008 0.006 0.004 0.003 0.002 0.001 0.001 0.000 0.000 0.000 0.000 0.000 0.000 0.000 0.000 0.000 0.000 0.000
