DepositFiles/ESRI_ASCII/MZRun039.txt
NCOLS    90
NROWS    50
XLLCORNER         225.000
YLLCORNER          32.500
CELLSIZE           0.500          0.500
NODATA_VALUE  0.000
[rows 0 to 33 of 50, columns 0 to 75 of 90]
0.000 0.000 0.000 0.000 0.000 0.000 0.000 0.000 0.000 0.000 0.000 0.001 0.001 0.003 0.004 0.007 0.010 0.013 0.016 0.019 0.024 0.031 0.038 0.045 0.051 0.058 0.069 0.082 0.095 0.108 0.122 0.139 0.162 0.189 0.216 0.241 0.269 0.301 0.338 0.375 0.403 0.426 0.442 0.445 0.434 0.409 0.380 0.348 0.314 0.279 0.243 0.211 0.183 0.156 0.131 0.109 0.090 0.074 0.059 0.046 0.036 0.027 0.021 0.015 0.011 0.008 0.006 0.004 0.003 0.002 0.001 0.001 0.001 0.000 0.000 0.000
0.000 0.000 0.000 0.000 0.000 0.000 0.000 0.000 0.000 0.000 0.000 0.001 0.002 0.003 0.006 0.010 0.015 0.020 0.026 0.031 0.039 0.049 0.062 0.075 0.087 0.100 0.117 0.140 0.166 0.194 0.223 0.258 0.303 0.355 0.413 0.469 0.528 0.595 0.668 0.736 0.786 0.814 0.824 0.813 0.777 0.725 0.668 0.611 0.553 0.494 0.434 0.381 0.333 0.288 0.245 0.207 0.174 0.147 0.122 0.101 0.082 0.067 0.055 0.044 0.035 0.027 0.021 0.017 0.013 0.010 0.007 0.005 0.004 0.003 0.002 0.001
0.000 0.000 0.000 0.000 0.000 0.000 0.000 0.000 0.000 0.000 0.000 0.001 0.002 0.005 0.008 0.013 0.021 0.031 0.042 0.052 0.064 0.080 0.101 0.126 0.150 0.175 0.206 0.246 0.293 0.349 0.409 0.477 0.560 0.659 0.771 0.881 0.994 1.116 1.244 1.354 1.419 1.440 1.430 1.380 1.300 1.202 1.104 1.009 0.914 0.818 0.721 0.636 0.559 0.487 0.417 0.354 0.301 0.256 0.216 0.180 0.149 0.124 0.103 0.085 0.069 0.055 0.045 0.036 0.029 0.023 0.018 0.014 0.011 0.008 0.006 0.004
0.000 0.000 0.000 0.000 0.000 0.000 0.000 0.000 0.000 0.000 0.000 0.001 0.003 0.007 0.012 0.019 0.030 0.046 0.064 0.082 0.102 0.128 0.162 0.204 0.251 0.297 0.351 0.419 0.503 0.606 0.720 0.844 0.992 1.168 1.364 1.556 1.748 1.947 2.138 2.282 2.341 2.331 2.265 2.152 2.005 1.842 1.686 1.539 1.392 1.242 1.094 0.964 0.849 0.740 0.637 0.543 0.465 0.398 0.339 0.285 0.239 0.201 0.169 0.141 0.117 0.096 0.079 0.065 0.053 0.043 0.034 0.027 0.022 0.017 0.013 0.010
0.000 0.000 0.000 0.000 0.000 0.000 0.000 0.000 0.000 0.000 0.000 0.001 0.004 0.010 0.017 0.027 0.043 0.066 0.095 0.127 0.160 0.201 0.256 0.325 0.408 0.492 0.586 0.703 0.848 1.030 1.231 1.452 1.708 1.996 2.307 2.616 2.919 3.211 3.459 3.607 3.625 3.542 3.385 3.174 2.936 2.686 2.451 2.229 2.006 1.780 1.560 1.368 1.198 1.041 0.893 0.760 0.650 0.557 0.475 0.402 0.338 0.286 0.243 0.205 0.172 0.143 0.120 0.100 0.084 0.069 0.057 0.047 0.038 0.031 0.025 0.020
0.000 0.000 0.000 0.000 0.000 0.000 0.000 0.000 0.000 0.000 0.001 0.002 0.006 0.013 0.025 0.040 0.061 0.094 0.138 0.191 0.247 0.312 0.400 0.511 0.651 0.801 0.964 1.167 1.416 1.723 2.068 2.446 2.856 3.297 3.767 4.236 4.682 5.071 5.342 5.448 5.376 5.171 4.875 4.536 4.178 3.813 3.469 3.140 2.811 2.479 2.159 1.880 1.635 1.412 1.205 1.021 0.870 0.744 0.633 0.535 0.451 0.382 0.326 0.277 0.235 0.199 0.171 0.149 0.130 0.114 0.100 0.088 0.077 0.068 0.059 0.052
0.000 0.000 0.000 0.000 0.000 0.000 0.000 0.000 0.000 0.001 0.002 0.004 0.009 0.019 0.035 0.057 0.087 0.133 0.197 0.281 0.372 0.475 0.614 0.790 1.020 1.279 1.565 1.915 2.328 2.832 3.406 4.013 4.637 5.292 5.974 6.646 7.253 7.712 7.949 7.946 7.718 7.323 6.841 6.339 5.826 5.308 4.814 4.338 3.864 3.390 2.940 2.547 2.205 1.897 1.616 1.369 1.167 1.001 0.859 0.736 0.634 0.555 0.491 0.439 0.394 0.355 0.321 0.292 0.265 0.239 0.216 0.194 0.173 0.153 0.135 0.119
0.000 0.000 0.000 0.000 0.000 0.000 0.000 0.000 0.001 0.001 0.003 0.006 0.013 0.026 0.049 0.081 0.124 0.187 0.278 0.404 0.548 0.710 0.926 1.204 1.577 2.015 2.504 3.075 3.747 4.564 5.463 6.377 7.307 8.253 9.198 10.100 10.847 11.307 11.420 11.224 10.744 10.078 9.372 8.666 7.956 7.237 6.544 5.874 5.212 4.559 3.946 3.417 2.960 2.558 2.200 1.895 1.655 1.461 1.299 1.159 1.039 0.942 0.857 0.781 0.709 0.643 0.582 0.527 0.475 0.427 0.382 0.341 0.303 0.267 0.235 0.207
0.000 0.000 0.000 0.000 0.000 0.000 0.000 0.001 0.001 0.002 0.005 0.009 0.019 0.037 0.068 0.112 0.171 0.259 0.385 0.566 0.785 1.036 1.372 1.808 2.403 3.111 3.897 4.816 5.900 7.154 8.483 9.829 11.162 12.465 13.712 14.837 15.649 15.983 15.882 15.368 14.505 13.539 12.575 11.630 10.674 9.701 8.757 7.845 6.955 6.099 5.314 4.646 4.080 3.589 3.157 2.790 2.494 2.246 2.030 1.835 1.658 1.501 1.358 1.226 1.104 0.992 0.891 0.798 0.714 0.637 0.567 0.503 0.444 0.391 0.344 0.301
0.000 0.000 0.000 0.000 0.000 0.000 0.000 0.001 0.002 0.003 0.007 0.013 0.025 0.048 0.088 0.146 0.226 0.344 0.516 0.768 1.091 1.474 1.982 2.653 3.561 4.660 5.909 7.362 9.013 10.844 12.750 14.648 16.484 18.222 19.797 21.088 21.816 21.918 21.484 20.473 19.179 17.891 16.661 15.454 14.211 12.942 11.711 10.524 9.384 8.300 7.307 6.452 5.724 5.097 4.547 4.068 3.653 3.282 2.943 2.632 2.352 2.102 1.879 1.677 1.496 1.332 1.185 1.053 0.934 0.827 0.730 0.643 0.565 0.495 0.432 0.377
0.000 0.000 0.000 0.000 0.000 0.000 0.000 0.001 0.002 0.004 0.009 0.017 0.032 0.061 0.109 0.183 0.287 0.442 0.670 1.012 1.472 2.031 2.778 3.784 5.145 6.819 8.728 10.903 13.312 15.911 18.554 21.141 23.595 25.839 27.748 29.060 29.553 29.360 28.410 26.811 25.115 23.555 22.115 20.665 19.114 17.488 15.852 14.241 12.706 11.285 10.022 8.929 7.976 7.116 6.330 5.619 4.982 4.411 3.901 3.446 3.043 2.687 2.372 2.092 1.843 1.622 1.426 1.252 1.097 0.960 0.839 0.733 0.639 0.556 0.483 0.419
0.000 0.000 0.000 0.000 0.000 0.000 0.000 0.001 0.002 0.005 0.010 0.021 0.039 0.073 0.133 0.225 0.360 0.562 0.861 1.319 1.948 2.744 3.816 5.290 7.266 9.688 12.444 15.566 18.980 22.558 26.118 29.552 32.746 35.567 37.775 38.923 39.148 38.542 36.934 34.887 32.938 31.257 29.609 27.747 25.633 23.374 21.118 18.985 17.021 15.227 13.587 12.077 10.701 9.447 8.315 7.303 6.399 5.597 4.889 4.268 3.727 3.253 2.837 2.471 2.150 1.869 1.624 1.409 1.221 1.056 0.912 0.788 0.680 0.587 0.506 0.436
0.000 0.000 0.000 0.000 0.000 0.000 0.000 0.001 0.003 0.006 0.012 0.025 0.047 0.088 0.160 0.275 0.449 0.707 1.096 1.702 2.541 3.637 5.124 7.194 9.930 13.257 17.051 21.330 25.968 30.731 35.403 39.861 43.948 47.452 49.859 50.749 50.704 49.508 47.427 45.172 43.081 41.127 38.911 36.290 33.398 30.447 27.605 24.875 22.253 19.797 17.553 15.495 13.605 11.883 10.345 8.993 7.799 6.746 5.829 5.035 4.350 3.755 3.234 2.781 2.387 2.044 1.748 1.491 1.269 1.078 0.913 0.774 0.657 0.559 0.475 0.406
0.000 0.000 0.000 0.000 0.000 0.000 0.000 0.001 0.003 0.008 0.015 0.031 0.057 0.108 0.194 0.334 0.553 0.878 1.376 2.161 3.253 4.719 6.724 9.523 13.155 17.511 22.475 28.059 34.095 40.241 46.226 51.915 57.089 61.404 63.732 64.443 63.982 62.206 59.932 57.471 55.090 52.593 49.629 46.228 42.516 38.709 34.887 31.197 27.703 24.479 21.563 18.887 16.417 14.184 12.216 10.508 9.016 7.712 6.583 5.613 4.783 4.062 3.433 2.887 2.416 2.014 1.672 1.382 1.137 0.933 0.766 0.633 0.526 0.439 0.368 0.312
0.000 0.000 0.000 0.000 0.000 0.000 0.000 0.002 0.004 0.009 0.018 0.038 0.070 0.133 0.235 0.406 0.676 1.075 1.705 2.701 4.092 6.004 8.649 12.318 16.970 22.452 28.676 35.656 43.180 50.849 58.344 65.499 71.975 76.920 79.104 79.588 78.393 76.377 73.958 71.503 68.875 65.842 62.072 57.434 52.294 47.195 42.257 37.518 33.060 28.990 25.331 21.965 18.875 16.099 13.676 11.602 9.808 8.246 6.897 5.744 4.764 3.925 3.209 2.603 2.099 1.683 1.341 1.063 0.839 0.662 0.524 0.420 0.339 0.277 0.230 0.194
0.000 0.000 0.000 0.000 0.000 0.000 0.001 0.002 0.005 0.012 0.024 0.049 0.088 0.164 0.287 0.494 0.824 1.314 2.105 3.350 5.099 7.543 10.955 15.624 21.405 28.110 35.725 44.211 53.343 62.660 71.828 80.556 88.199 93.121 95.293 95.159 93.710 91.849 90.093 87.922 85.074 80.968 75.355 68.851 62.093 55.567 49.377 43.531 38.077 33.099 28.596 24.465 20.690 17.328 14.421 11.955 9.841 8.023 6.485 5.203 4.153 3.286 2.565 1.972 1.495 1.122 0.835 0.621 0.464 0.351 0.270 0.211 0.169 0.138 0.114 0.098
0.000 0.000 0.000 0.000 0.000 0.000 0.001 0.002 0.006 0.015 0.030 0.061 0.108 0.199 0.347 0.598 0.998 1.605 2.604 4.158 6.341 9.415 13.705 19.463 26.445 34.421 43.487 53.598 64.452 75.492 86.080 95.666 103.523 108.540 110.728 110.555 109.853 109.827 109.279 107.286 102.970 96.566 88.664 80.000 71.431 63.509 56.154 49.228 42.665 36.580 31.099 26.093 21.545 17.535 14.133 11.312 8.965 7.021 5.429 4.138 3.099 2.265 1.615 1.132 0.783 0.537 0.365 0.247 0.170 0.118 0.085 0.063 0.049 0.040 0.034 0.030
0.000 0.000 0.000 0.000 0.000 0.000 0.001 0.003 0.007 0.018 0.035 0.071 0.127 0.231 0.407 0.704 1.185 1.938 3.192 5.114 7.801 11.585 16.808 23.647 31.800 40.994 51.435 63.034 75.359 87.545 98.742 108.619 116.456 121.586 123.954 125.249 128.350 131.141 131.381 127.737 120.620 111.118 100.488 89.752 79.737 70.663 62.169 53.896 45.912 38.567 31.953 26.005 20.748 16.261 12.571 9.612 7.203 5.238 3.695 2.540 1.706 1.111 0.697 0.422 0.249 0.146 0.086 0.052 0.032 0.021 0.014 0.010 0.008 0.006 0.005 0.005
0.000 0.000 0.000 0.000 0.000 0.000 0.001 0.003 0.008 0.020 0.039 0.079 0.144 0.262 0.469 0.816 1.392 2.319 3.859 6.188 9.449 13.988 20.157 28.037 37.271 47.543 59.052 71.643 84.880 97.657 108.966 118.428 125.569 131.100 136.047 144.076 152.333 156.567 154.562 146.709 135.232 122.414 109.588 97.408 86.186 75.809 65.661 55.760 46.352 37.755 30.195 23.611 17.966 13.232 9.436 6.532 4.373 2.813 1.733 1.021 0.574 0.306 0.156 0.078 0.039 0.020 0.010 0.005 0.003 0.002 0.001 0.001 0.000 0.000 0.000 0.000
0.000 0.000 0.000 0.000 0.000 0.000 0.001 0.003 0.009 0.021 0.043 0.088 0.162 0.298 0.540 0.943 1.640 2.776 4.628 7.403 11.281 16.605 23.727 32.669 42.933 54.132 66.339 79.501 93.305 106.816 117.851 125.781 133.068 142.841 157.872 173.424 182.887 183.072 174.453 160.524 144.821 129.401 115.017 101.521 88.859 76.784 65.186 53.747 43.036 33.498 25.277 18.287 12.583 8.251 5.163 3.080 1.724 0.900 0.438 0.201 0.088 0.037 0.015 0.006 0.002 0.001 0.000 0.000 0.000 0.000 0.000 0.000 0.000 0.000 0.000 0.000
0.000 0.000 0.000 0.000 0.000 0.000 0.001 0.004 0.010 0.023 0.049 0.100 0.187 0.348 0.632 1.114 1.961 3.335 5.522 8.779 13.267 19.380 27.503 37.462 48.647 60.667 74.085 90.475 108.224 122.164 130.366 137.395 149.487 171.852 196.507 211.882 214.202 203.956 186.252 166.047 147.310 130.713 115.593 100.979 86.957 73.290 59.656 46.686 34.956 24.988 17.014 10.873 6.434 3.476 1.723 0.775 0.322 0.122 0.042 0.013 0.004 0.001 0.000 0.000 0.000 0.000 0.000 0.000 0.000 0.000 0.000 0.000 0.000 0.000 0.000 0.000
0.000 0.000 0.000 0.000 0.000 0.000 0.001 0.004 0.011 0.026 0.055 0.116 0.217 0.408 0.742 1.323 2.336 3.945 6.445 10.137 15.176 21.908 30.734 41.313 53.251 68.242 89.112 113.622 135.684 147.265 155.093 167.142 193.214 225.110 244.509 247.091 233.915 209.774 184.141 161.967 144.215 128.052 112.117 96.231 79.799 63.653 48.519 35.132 23.974 15.206 8.802 4.579 2.090 0.826 0.271 0.078 0.017 0.004 0.001 0.000 0.000 0.000 0.000 0.000 0.000 0.000 0.000 0.000 0.000 0.000 0.000 0.000 0.000 0.000 0.000 0.000
0.000 0.000 0.000 0.000 0.000 0.000 0.002 0.005 0.012 0.028 0.061 0.130 0.245 0.466 0.846 1.529 2.696 4.489 7.214 11.145 16.335 23.211 32.204 43.812 60.346 84.029 115.397 150.567 177.083 188.964 203.510 230.464 265.355 284.005 280.714 261.645 228.239 196.667 172.444 153.579 136.996 120.491 103.055 84.124 65.788 49.184 34.727 22.743 13.480 7.088 3.301 1.355 0.461 0.127 0.026 0.003 0.000 0.000 0.000 0.000 0.000 0.000 0.000 0.000 0.000 0.000 0.000 0.000 0.000 0.000 0.000 0.000 0.000 0.000 0.000 0.000
0.000 0.000 0.000 0.000 0.000 0.000 0.002 0.005 0.013 0.030 0.067 0.141 0.269 0.511 0.924 1.680 2.912 4.742 7.476 11.377 16.466 23.459 33.604 49.209 74.122 109.422 152.534 195.435 225.224 243.749 278.289 315.394 335.134 325.057 290.653 242.935 202.002 174.995 154.968 139.040 123.661 105.681 85.879 66.570 48.985 33.752 21.260 11.979 5.986 2.708 1.161 0.461 0.172 0.056 0.014 0.002 0.000 0.000 0.000 0.000 0.000 0.000 0.000 0.000 0.000 0.000 0.000 0.000 0.000 0.000 0.000 0.000 0.000 0.000 0.000 0.000
0.000 0.000 0.000 0.000 0.000 0.001 0.002 0.005 0.014 0.031 0.071 0.146 0.279 0.525 0.942 1.709 2.943 4.734 7.392 11.184 16.108 23.288 35.170 57.740 96.724 148.949 213.058 266.339 301.024 331.528 365.937 384.465 372.975 326.473 262.432 205.404 167.567 147.862 134.215 121.060 104.544 85.148 65.754 47.828 32.237 19.708 10.898 5.604 2.791 1.372 0.672 0.316 0.136 0.051 0.014 0.002 0.000 0.000 0.000 0.000 0.000 0.000 0.000 0.000 0.000 0.000 0.000 0.000 0.000 0.000 0.000 0.000 0.000 0.000 0.000 0.000
0.000 0.000 0.000 0.000 0.000 0.000 0.002 0.005 0.013 0.028 0.066 0.133 0.261 0.487 0.877 1.605 2.772 4.431 6.848 10.228 14.598 21.616 36.171 71.449 136.305 218.719 312.758 383.973 429.977 450.907 442.912 405.892 354.799 283.675 212.477 162.530 136.030 124.892 113.897 99.846 81.949 63.126 45.535 30.202 18.302 10.420 5.834 3.260 1.807 0.983 0.519 0.263 0.124 0.053 0.019 0.005 0.001 0.000 0.000 0.000 0.000 0.000 0.000 0.000 0.000 0.000 0.000 0.000 0.000 0.000 0.000 0.000 0.000 0.000 0.000 0.000
0.000 0.000 0.000 0.000 0.000 0.000 0.001 0.004 0.010 0.023 0.056 0.111 0.224 0.410 0.749 1.379 2.386 3.774 5.763 8.492 12.104 18.644 35.599 90.096 182.813 301.864 439.701 540.184 574.430 551.455 465.583 371.693 292.674 224.877 168.749 131.225 114.953 105.277 92.718 76.871 59.252 42.495 28.199 17.553 10.629 6.443 3.878 2.291 1.324 0.750 0.419 0.230 0.120 0.058 0.025 0.009 0.002 0.000 0.000 0.000 0.000 0.000 0.000 0.000 0.000 0.000 0.000 0.000 0.000 0.000 0.000 0.000 0.000 0.000 0.000 0.000
0.000 0.000 0.000 0.000 0.000 0.000 0.001 0.003 0.007 0.018 0.043 0.088 0.181 0.330 0.610 1.120 1.922 2.985 4.494 6.531 9.290 14.815 32.165 100.167 202.623 368.821 565.066 670.088 653.100 554.643 414.788 302.852 231.362 183.352 140.355 110.313 97.262 84.857 70.540 54.779 39.408 26.666 17.413 11.235 7.200 4.546 2.813 1.709 1.028 0.617 0.369 0.216 0.122 0.065 0.031 0.013 0.005 0.001 0.000 0.000 0.000 0.000 0.000 0.000 0.000 0.000 0.000 0.000 0.000 0.000 0.000 0.000 0.000 0.000 0.000 0.000
0.000 0.000 0.000 0.000 0.000 0.000 0.001 0.002 0.005 0.013 0.033 0.068 0.140 0.257 0.472 0.856 1.439 2.191 3.228 4.605 6.475 10.272 24.049 87.922 184.181 386.987 619.422 684.714 605.781 462.048 324.822 235.375 184.383 147.013 112.959 91.089 77.902 64.288 50.183 36.826 25.752 17.658 12.014 8.075 5.309 3.415 2.166 1.367 0.862 0.543 0.340 0.210 0.126 0.072 0.039 0.019 0.008 0.003 0.001 0.000 0.000 0.000 0.000 0.000 0.000 0.000 0.000 0.000 0.000 0.000 0.000 0.000 0.000 0.000 0.000 0.000
0.000 0.000 0.000 0.000 0.000 0.000 0.000 0.001 0.004 0.010 0.024 0.051 0.104 0.190 0.341 0.606 0.983 1.460 2.092 2.909 4.035 6.050 12.831 46.495 128.003 326.505 476.052 487.329 413.426 309.550 223.967 169.006 136.565 109.135 86.727 72.467 59.252 46.350 34.959 25.571 18.244 12.873 8.962 6.123 4.090 2.684 1.750 1.140 0.744 0.487 0.318 0.206 0.131 0.081 0.047 0.026 0.013 0.006 0.002 0.001 0.000 0.000 0.000 0.000 0.000 0.000 0.000 0.000 0.000 0.000 0.000 0.000 0.000 0.000 0.000 0.000
0.000 0.000 0.000 0.000 0.000 0.000 0.000 0.001 0.002 0.006 0.016 0.034 0.068 0.123 0.215 0.370 0.571 0.853 1.195 1.697 2.413 3.612 6.711 16.938 65.475 138.961 204.052 234.912 229.982 192.815 150.350 119.883 97.825 80.284 67.725 55.707 43.877 33.792 25.665 19.041 13.764 9.833 6.935 4.800 3.246 2.161 1.436 0.960 0.648 0.440 0.299 0.202 0.135 0.088 0.055 0.033 0.019 0.010 0.004 0.002 0.001 0.000 0.000 0.000 0.000 0.000 0.000 0.000 0.000 0.000 0.000 0.000 0.000 0.000 0.000 0.000
0.000 0.000 0.000 0.000 0.000 0.000 0.000 0.000 0.001 0.004 0.009 0.020 0.039 0.071 0.122 0.203 0.311 0.480 0.678 1.021 1.470 2.337 3.967 8.624 22.665 64.433 119.712 149.891 151.231 127.247 103.410 85.397 71.358 61.473 52.360 42.155 32.951 25.465 19.383 14.345 10.347 7.407 5.250 3.660 2.507 1.701 1.161 0.802 0.559 0.392 0.276 0.193 0.134 0.092 0.061 0.039 0.024 0.014 0.007 0.003 0.001 0.001 0.000 0.000 0.000 0.000 0.000 0.000 0.000 0.000 0.000 0.000 0.000 0.000 0.000 0.000
0.000 0.000 0.000 0.000 0.000 0.000 0.000 0.000 0.001 0.002 0.005 0.011 0.021 0.039 0.067 0.109 0.177 0.262 0.392 0.573 0.847 1.335 2.393 4.880 10.767 23.865 43.731 59.800 68.430 69.187 64.871 58.624 52.736 46.863 39.592 31.625 24.690 19.047 14.436 10.643 7.675 5.511 3.932 2.774 1.932 1.339 0.938 0.667 0.479 0.346 0.250 0.180 0.130 0.092 0.065 0.044 0.029 0.018 0.011 0.006 0.003 0.001 0.001 0.000 0.000 0.000 0.000 0.000 0.000 0.000 0.000 0.000 0.000 0.000 0.000 0.000
0.000 0.000 0.000 0.000 0.000 0.000 0.000 0.000 0.000 0.001 0.002 0.005 0.011 0.021 0.035 0.060 0.091 0.138 0.199 0.294 0.437 0.751 1.454 3.191 6.845 12.911 21.325 30.348 37.938 42.487 43.489 41.953 39.064 34.877 29.333 23.478 18.430 14.287 10.854 8.017 5.797 4.185 3.015 2.155 1.523 1.072 0.764 0.554 0.407 0.301 0.223 0.166 0.123 0.091 0.066 0.047 0.033 0.022 0.014 0.008 0.005 0.002 0.001 0.000 0.000 0.000 0.000 0.000 0.000 0.000 0.000 0.000 0.000 0.000 0.000 0.000
