DepositFiles/ESRI_ASCII/MZRun055.txt
NCOLS    90
NROWS    50
XLLCORNER         225.000
YLLCORNER          32.500
CELLSIZE           0.500          0.500
NODATA_VALUE  0.000
[rows 0 to 33 of 50, columns 0 to 75 of 90]
0.000 0.000 0.000 0.000 0.000 0.000 0.000 0.000 0.000 0.000 0.001 0.001 0.002 0.003 0.005 0.007 0.010 0.013 0.015 0.019 0.023 0.030 0.038 0.045 0.052 0.060 0.071 0.085 0.101 0.116 0.130 0.148 0.171 0.196 0.221 0.241 0.261 0.283 0.306 0.324 0.337 0.347 0.353 0.352 0.342 0.324 0.302 0.278 0.252 0.224 0.196 0.169 0.146 0.124 0.103 0.084 0.069 0.055 0.044 0.033 0.025 0.019 0.014 0.010 0.007 0.005 0.004 0.003 0.002 0.001 0.001 0.001 0.000 0.000 0.000 0.000
0.000 0.000 0.000 0.000 0.000 0.000 0.000 0.000 0.000 0.000 0.001 0.001 0.002 0.004 0.006 0.009 0.014 0.019 0.024 0.029 0.037 0.047 0.060 0.074 0.087 0.101 0.120 0.144 0.173 0.203 0.232 0.266 0.309 0.358 0.408 0.451 0.493 0.538 0.584 0.626 0.655 0.672 0.678 0.671 0.647 0.611 0.569 0.525 0.478 0.428 0.377 0.331 0.290 0.250 0.213 0.178 0.149 0.125 0.103 0.084 0.068 0.054 0.044 0.034 0.027 0.020 0.016 0.012 0.009 0.006 0.005 0.003 0.002 0.002 0.001 0.001
0.000 0.000 0.000 0.000 0.000 0.000 0.000 0.000 0.000 0.000 0.001 0.002 0.003 0.005 0.008 0.013 0.020 0.028 0.037 0.046 0.058 0.075 0.097 0.122 0.148 0.173 0.205 0.247 0.298 0.355 0.413 0.477 0.554 0.643 0.735 0.818 0.897 0.980 1.066 1.141 1.187 1.205 1.203 1.179 1.126 1.056 0.980 0.903 0.823 0.739 0.655 0.579 0.511 0.446 0.383 0.325 0.276 0.234 0.197 0.164 0.134 0.111 0.091 0.074 0.060 0.047 0.038 0.030 0.023 0.018 0.014 0.010 0.008 0.006 0.004 0.003
0.000 0.000 0.000 0.000 0.000 0.000 0.000 0.000 0.000 0.000 0.001 0.002 0.004 0.007 0.011 0.017 0.027 0.040 0.055 0.072 0.090 0.116 0.150 0.192 0.239 0.285 0.339 0.409 0.495 0.596 0.701 0.816 0.948 1.096 1.251 1.395 1.532 1.671 1.810 1.919 1.973 1.978 1.953 1.890 1.788 1.664 1.539 1.415 1.288 1.156 1.024 0.908 0.803 0.704 0.608 0.519 0.446 0.383 0.326 0.275 0.229 0.192 0.161 0.135 0.111 0.090 0.074 0.060 0.049 0.039 0.031 0.024 0.019 0.015 0.011 0.008
0.000 0.000 0.000 0.000 0.000 0.000 0.000 0.000 0.000 0.000 0.001 0.002 0.005 0.009 0.015 0.024 0.036 0.055 0.079 0.106 0.136 0.175 0.228 0.295 0.374 0.456 0.547 0.663 0.804 0.973 1.156 1.350 1.565 1.801 2.047 2.279 2.499 2.715 2.911 3.043 3.084 3.058 2.981 2.848 2.671 2.474 2.279 2.089 1.894 1.692 1.494 1.319 1.164 1.018 0.879 0.751 0.646 0.557 0.477 0.405 0.341 0.289 0.246 0.209 0.175 0.147 0.124 0.105 0.090 0.076 0.065 0.056 0.048 0.042 0.036 0.031
0.000 0.000 0.000 0.000 0.000 0.000 0.000 0.000 0.000 0.001 0.001 0.003 0.006 0.012 0.020 0.032 0.048 0.074 0.110 0.154 0.202 0.261 0.342 0.447 0.576 0.715 0.868 1.057 1.285 1.562 1.865 2.181 2.519 2.880 3.251 3.607 3.945 4.256 4.498 4.629 4.630 4.542 4.373 4.136 3.858 3.560 3.270 2.987 2.697 2.399 2.108 1.852 1.626 1.418 1.221 1.043 0.897 0.775 0.667 0.572 0.490 0.426 0.376 0.335 0.300 0.270 0.246 0.225 0.205 0.187 0.169 0.153 0.137 0.121 0.108 0.095
0.000 0.000 0.000 0.000 0.000 0.000 0.000 0.000 0.000 0.001 0.002 0.004 0.008 0.015 0.026 0.042 0.064 0.099 0.150 0.216 0.293 0.382 0.506 0.666 0.870 1.100 1.353 1.660 2.027 2.469 2.950 3.449 3.968 4.504 5.045 5.569 6.059 6.465 6.725 6.819 6.742 6.537 6.228 5.854 5.442 5.010 4.591 4.180 3.764 3.340 2.930 2.572 2.258 1.973 1.710 1.480 1.296 1.149 1.027 0.924 0.837 0.768 0.708 0.653 0.599 0.547 0.500 0.456 0.414 0.374 0.337 0.302 0.269 0.239 0.211 0.186
0.000 0.000 0.000 0.000 0.000 0.000 0.000 0.000 0.000 0.001 0.002 0.005 0.009 0.019 0.034 0.056 0.086 0.133 0.204 0.301 0.417 0.553 0.739 0.980 1.294 1.662 2.073 2.564 3.145 3.831 4.570 5.332 6.105 6.881 7.650 8.390 9.046 9.517 9.752 9.748 9.527 9.136 8.638 8.092 7.511 6.908 6.322 5.751 5.180 4.606 4.061 3.593 3.195 2.848 2.540 2.281 2.077 1.907 1.755 1.612 1.476 1.354 1.240 1.131 1.028 0.931 0.842 0.760 0.683 0.612 0.548 0.488 0.432 0.382 0.337 0.296
0.000 0.000 0.000 0.000 0.000 0.000 0.000 0.000 0.001 0.001 0.003 0.006 0.012 0.024 0.043 0.074 0.114 0.178 0.274 0.410 0.582 0.785 1.062 1.420 1.895 2.469 3.119 3.888 4.782 5.812 6.915 8.038 9.153 10.247 11.307 12.295 13.093 13.572 13.714 13.533 13.073 12.430 11.723 10.981 10.202 9.399 8.625 7.877 7.141 6.422 5.762 5.208 4.742 4.329 3.950 3.610 3.305 3.028 2.767 2.517 2.284 2.071 1.875 1.694 1.525 1.370 1.229 1.100 0.982 0.875 0.778 0.690 0.609 0.536 0.471 0.413
0.000 0.000 0.000 0.000 0.000 0.000 0.000 0.000 0.001 0.002 0.004 0.008 0.015 0.030 0.054 0.093 0.147 0.231 0.357 0.544 0.790 1.088 1.493 2.021 2.726 3.600 4.599 5.767 7.107 8.621 10.212 11.812 13.377 14.881 16.289 17.525 18.394 18.810 18.784 18.326 17.543 16.654 15.748 14.819 13.846 12.854 11.900 10.969 10.053 9.175 8.360 7.639 6.997 6.387 5.811 5.274 4.781 4.326 3.903 3.512 3.153 2.827 2.533 2.265 2.023 1.804 1.606 1.428 1.267 1.122 0.992 0.875 0.769 0.674 0.590 0.515
0.000 0.000 0.000 0.000 0.000 0.000 0.000 0.000 0.001 0.002 0.004 0.009 0.018 0.036 0.065 0.115 0.184 0.294 0.460 0.710 1.051 1.479 2.060 2.829 3.859 5.151 6.642 8.378 10.344 12.501 14.727 16.941 19.080 21.090 22.892 24.333 25.194 25.504 25.250 24.433 23.351 22.299 21.279 20.228 19.090 17.887 16.666 15.431 14.199 13.004 11.864 10.803 9.808 8.861 7.977 7.160 6.408 5.720 5.095 4.530 4.023 3.569 3.163 2.799 2.474 2.183 1.925 1.695 1.490 1.309 1.147 1.005 0.879 0.767 0.669 0.582
0.000 0.000 0.000 0.000 0.000 0.000 0.000 0.000 0.001 0.002 0.005 0.010 0.020 0.041 0.077 0.140 0.229 0.373 0.591 0.924 1.386 1.987 2.804 3.902 5.373 7.228 9.391 11.893 14.686 17.671 20.697 23.680 26.533 29.151 31.394 32.981 33.835 34.044 33.535 32.411 31.201 30.132 29.060 27.811 26.333 24.705 23.002 21.247 19.472 17.736 16.089 14.519 13.032 11.637 10.356 9.195 8.136 7.175 6.311 5.542 4.863 4.262 3.731 3.263 2.850 2.487 2.170 1.892 1.649 1.435 1.248 1.085 0.944 0.820 0.712 0.617
0.000 0.000 0.000 0.000 0.000 0.000 0.000 0.000 0.001 0.002 0.005 0.011 0.023 0.047 0.089 0.165 0.280 0.465 0.749 1.188 1.803 2.627 3.751 5.285 7.334 9.904 12.907 16.366 20.197 24.206 28.215 32.146 35.881 39.247 41.978 43.703 44.611 44.755 43.990 42.766 41.551 40.420 39.093 37.375 35.292 32.988 30.531 27.984 25.411 22.936 20.630 18.446 16.377 14.452 12.703 11.137 9.729 8.470 7.363 6.398 5.560 4.828 4.184 3.622 3.131 2.705 2.336 2.017 1.740 1.500 1.292 1.114 0.962 0.831 0.717 0.619
0.000 0.000 0.000 0.000 0.000 0.000 0.000 0.000 0.001 0.002 0.005 0.011 0.024 0.051 0.100 0.190 0.332 0.564 0.927 1.494 2.298 3.403 4.921 7.016 9.783 13.211 17.207 21.788 26.830 32.050 37.259 42.359 47.194 51.484 54.707 56.561 57.567 57.512 56.648 55.435 54.169 52.804 50.951 48.464 45.395 42.037 38.507 34.905 31.368 28.043 24.967 22.061 19.324 16.821 14.599 12.664 10.963 9.463 8.153 7.019 6.042 5.190 4.446 3.799 3.238 2.752 2.335 1.977 1.670 1.407 1.185 1.002 0.852 0.726 0.621 0.534
0.000 0.000 0.000 0.000 0.000 0.000 0.000 0.000 0.001 0.002 0.005 0.011 0.025 0.054 0.109 0.212 0.381 0.660 1.107 1.820 2.848 4.298 6.311 9.109 12.747 17.174 22.311 28.156 34.550 41.146 47.755 54.297 60.477 65.845 69.419 71.417 72.270 72.070 71.332 70.209 68.812 66.969 64.125 60.209 55.644 50.884 46.057 41.256 36.629 32.341 28.445 24.847 21.527 18.543 15.937 13.698 11.742 10.013 8.500 7.191 6.063 5.085 4.237 3.510 2.897 2.383 1.955 1.598 1.302 1.058 0.862 0.709 0.589 0.494 0.418 0.361
0.000 0.000 0.000 0.000 0.000 0.000 0.000 0.000 0.001 0.002 0.005 0.012 0.027 0.057 0.117 0.232 0.426 0.753 1.295 2.164 3.444 5.301 7.917 11.573 16.253 21.839 28.282 35.567 43.505 51.696 59.987 68.219 75.939 82.074 85.797 87.781 88.499 88.657 88.263 87.241 85.373 82.228 77.479 71.510 65.071 58.682 52.464 46.481 40.859 35.723 31.123 26.917 23.061 19.611 16.601 14.012 11.746 9.752 8.033 6.581 5.372 4.357 3.498 2.779 2.183 1.699 1.313 1.007 0.772 0.595 0.464 0.369 0.299 0.247 0.208 0.180
0.000 0.000 0.000 0.000 0.000 0.000 0.000 0.000 0.001 0.002 0.005 0.012 0.028 0.060 0.124 0.248 0.468 0.846 1.493 2.543 4.119 6.449 9.760 14.384 20.237 27.130 35.049 43.945 53.629 63.721 73.922 83.777 92.398 98.735 102.754 104.979 106.461 107.496 107.630 106.148 102.738 97.005 89.546 81.255 72.969 65.214 57.934 51.018 44.485 38.514 33.171 28.270 23.755 19.706 16.208 13.267 10.781 8.672 6.905 5.441 4.237 3.241 2.429 1.790 1.303 0.938 0.668 0.475 0.338 0.244 0.179 0.135 0.106 0.086 0.072 0.063
0.000 0.000 0.000 0.000 0.000 0.000 0.000 0.000 0.001 0.002 0.005 0.013 0.029 0.061 0.128 0.258 0.500 0.930 1.691 2.934 4.836 7.678 11.741 17.386 24.444 32.703 42.160 52.758 64.340 76.339 87.999 98.648 107.649 114.529 119.207 122.526 125.603 127.880 128.022 124.508 117.684 108.806 98.945 88.910 79.431 70.767 62.599 54.674 47.085 40.058 33.708 27.938 22.774 18.316 14.603 11.570 9.050 6.919 5.164 3.773 2.708 1.903 1.303 0.869 0.564 0.358 0.222 0.138 0.087 0.057 0.039 0.028 0.021 0.017 0.014 0.012
0.000 0.000 0.000 0.000 0.000 0.000 0.000 0.000 0.001 0.002 0.005 0.013 0.029 0.063 0.133 0.268 0.533 1.018 1.897 3.344 5.579 8.936 13.767 20.438 28.666 38.254 49.165 61.446 74.833 88.258 100.682 111.655 120.954 128.476 134.396 140.438 146.248 149.027 146.203 138.583 128.514 117.336 105.875 94.786 84.422 74.726 65.237 55.881 46.928 38.812 31.703 25.489 20.095 15.513 11.726 8.690 6.277 4.404 3.002 1.988 1.278 0.787 0.460 0.257 0.140 0.076 0.041 0.023 0.013 0.008 0.005 0.004 0.003 0.002 0.002 0.001
0.000 0.000 0.000 0.000 0.000 0.000 0.000 0.000 0.001 0.002 0.005 0.013 0.030 0.066 0.141 0.288 0.583 1.134 2.144 3.812 6.389 10.247 15.854 23.531 32.924 43.804 56.115 70.029 84.811 98.947 111.336 121.932 131.588 141.075 151.914 162.690 168.836 167.516 160.038 148.661 135.819 122.898 110.334 98.080 86.193 74.920 63.952 53.325 43.491 34.758 27.221 20.727 15.257 10.876 7.545 5.095 3.317 2.058 1.212 0.678 0.360 0.180 0.086 0.040 0.019 0.009 0.004 0.002 0.001 0.001 0.000 0.000 0.000 0.000 0.000 0.000
0.000 0.000 0.000 0.000 0.000 0.000 0.000 0.000 0.001 0.002 0.006 0.014 0.033 0.074 0.157 0.326 0.664 1.300 2.461 4.373 7.293 11.638 18.015 26.692 37.233 49.350 63.060 78.447 94.059 107.821 119.061 130.118 143.334 161.096 178.782 189.284 189.959 182.372 169.189 153.907 138.944 124.742 110.738 96.876 83.635 70.914 58.607 46.919 36.279 27.170 19.763 13.876 9.315 5.952 3.612 2.082 1.126 0.567 0.267 0.119 0.050 0.020 0.008 0.003 0.001 0.000 0.000 0.000 0.000 0.000 0.000 0.000 0.000 0.000 0.000 0.000
0.000 0.000 0.000 0.000 0.000 0.000 0.000 0.000 0.001 0.003 0.007 0.016 0.037 0.084 0.178 0.374 0.763 1.490 2.797 4.925 8.123 12.839 19.750 29.104 40.531 53.835 69.102 85.681 100.457 112.558 124.778 141.707 167.381 194.417 211.146 214.103 205.401 189.040 170.408 153.216 137.619 122.454 107.231 92.071 76.956 62.413 48.753 36.632 26.416 18.271 12.048 7.462 4.285 2.254 1.095 0.492 0.207 0.080 0.029 0.010 0.003 0.001 0.000 0.000 0.000 0.000 0.000 0.000 0.000 0.000 0.000 0.000 0.000 0.000 0.000 0.000
0.000 0.000 0.000 0.000 0.000 0.000 0.000 0.000 0.001 0.003 0.007 0.017 0.041 0.092 0.195 0.414 0.840 1.630 2.995 5.200 8.459 13.276 20.338 29.968 42.224 56.998 73.576 88.899 101.771 115.174 135.358 168.845 207.031 231.689 237.733 227.041 205.163 182.845 163.866 147.650 132.155 116.046 99.086 81.433 64.617 49.550 36.453 25.486 16.768 10.259 5.784 2.949 1.341 0.543 0.200 0.067 0.021 0.006 0.001 0.000 0.000 0.000 0.000 0.000 0.000 0.000 0.000 0.000 0.000 0.000 0.000 0.000 0.000 0.000 0.000 0.000
0.000 0.000 0.000 0.000 0.000 0.000 0.000 0.000 0.001 0.003 0.007 0.018 0.043 0.095 0.202 0.426 0.857 1.651 2.982 5.137 8.311 13.031 19.921 29.529 42.618 58.507 73.838 87.412 101.384 124.206 164.852 214.920 248.268 257.063 243.833 215.799 189.390 169.247 152.355 137.063 121.109 102.773 83.715 65.687 49.579 35.733 24.248 15.212 8.690 4.502 2.110 0.911 0.350 0.120 0.036 0.008 0.002 0.000 0.000 0.000 0.000 0.000 0.000 0.000 0.000 0.000 0.000 0.000 0.000 0.000 0.000 0.000 0.000 0.000 0.000 0.000
0.000 0.000 0.000 0.000 0.000 0.000 0.000 0.000 0.001 0.003 0.007 0.018 0.043 0.094 0.200 0.417 0.837 1.602 2.838 4.841 7.792 12.199 18.583 27.930 41.649 56.764 70.785 84.545 107.546 154.566 213.778 257.346 268.480 251.180 219.337 189.677 167.235 150.256 135.893 121.223 103.372 84.053 65.574 48.873 34.483 22.702 13.718 7.536 3.870 1.877 0.883 0.393 0.163 0.058 0.016 0.003 0.000 0.000 0.000 0.000 0.000 0.000 0.000 0.000 0.000 0.000 0.000 0.000 0.000 0.000 0.000 0.000 0.000 0.000 0.000 0.000
0.000 0.000 0.000 0.000 0.000 0.000 0.000 0.000 0.001 0.003 0.007 0.016 0.037 0.082 0.174 0.364 0.736 1.403 2.468 4.219 6.780 10.637 16.332 25.467 39.058 53.048 66.227 86.800 133.270 197.992 249.687 264.908 245.804 212.502 181.516 158.610 143.202 130.669 117.521 101.300 82.542 64.063 47.291 32.752 20.991 12.482 7.036 3.841 2.079 1.095 0.564 0.274 0.123 0.049 0.016 0.004 0.001 0.000 0.000 0.000 0.000 0.000 0.000 0.000 0.000 0.000 0.000 0.000 0.000 0.000 0.000 0.000 0.000 0.000 0.000 0.000
0.000 0.000 0.000 0.000 0.000 0.000 0.000 0.000 0.001 0.002 0.005 0.013 0.029 0.064 0.139 0.294 0.600 1.135 1.990 3.395 5.441 8.620 13.505 22.328 34.841 47.523 63.314 98.452 159.462 215.266 237.611 223.677 192.977 164.155 145.898 134.217 123.913 112.146 97.042 79.649 61.754 45.263 31.016 19.812 12.031 7.162 4.233 2.471 1.415 0.792 0.432 0.227 0.112 0.051 0.020 0.007 0.002 0.000 0.000 0.000 0.000 0.000 0.000 0.000 0.000 0.000 0.000 0.000 0.000 0.000 0.000 0.000 0.000 0.000 0.000 0.000
0.000 0.000 0.000 0.000 0.000 0.000 0.000 0.000 0.000 0.001 0.004 0.009 0.022 0.048 0.105 0.224 0.457 0.852 1.485 2.504 4.001 6.429 10.396 18.573 28.406 41.643 63.120 105.340 155.761 184.760 179.828 160.361 141.838 130.938 124.522 117.109 106.211 91.764 75.686 59.164 43.349 29.798 19.446 12.352 7.767 4.849 2.991 1.816 1.088 0.644 0.374 0.210 0.113 0.057 0.026 0.010 0.003 0.001 0.000 0.000 0.000 0.000 0.000 0.000 0.000 0.000 0.000 0.000 0.000 0.000 0.000 0.000 0.000 0.000 0.000 0.000
0.000 0.000 0.000 0.000 0.000 0.000 0.000 0.000 0.000 0.001 0.003 0.007 0.016 0.035 0.075 0.159 0.319 0.579 1.003 1.669 2.668 4.356 7.331 13.995 21.431 38.604 62.373 92.700 114.384 121.827 120.676 117.881 116.100 114.091 109.842 100.065 86.330 71.272 56.108 41.689 29.208 19.734 13.136 8.693 5.684 3.660 2.327 1.468 0.918 0.569 0.347 0.206 0.119 0.065 0.033 0.016 0.006 0.002 0.001 0.000 0.000 0.000 0.000 0.000 0.000 0.000 0.000 0.000 0.000 0.000 0.000 0.000 0.000 0.000 0.000 0.000
0.000 0.000 0.000 0.000 0.000 0.000 0.000 0.000 0.000 0.001 0.002 0.004 0.011 0.023 0.049 0.101 0.193 0.344 0.589 0.978 1.616 2.700 4.823 9.552 16.991 37.649 50.922 61.643 74.750 86.811 95.525 100.628 101.809 99.854 92.732 80.896 66.945 52.982 40.205 29.248 20.543 14.242 9.810 6.676 4.465 2.944 1.926 1.254 0.813 0.523 0.334 0.210 0.129 0.077 0.043 0.023 0.011 0.005 0.002 0.001 0.000 0.000 0.000 0.000 0.000 0.000 0.000 0.000 0.000 0.000 0.000 0.000 0.000 0.000 0.000 0.000
0.000 0.000 0.000 0.000 0.000 0.000 0.000 0.000 0.000 0.000 0.001 0.003 0.006 0.013 0.026 0.053 0.098 0.175 0.305 0.528 0.930 1.653 3.236 6.504 14.210 23.106 34.448 47.608 61.714 74.339 82.905 86.816 86.933 82.620 74.285 62.526 50.060 38.811 29.373 21.613 15.479 10.972 7.718 5.359 3.653 2.452 1.638 1.095 0.735 0.493 0.329 0.218 0.142 0.090 0.054 0.031 0.017 0.008 0.004 0.001 0.001 0.000 0.000 0.000 0.000 0.000 0.000 0.000 0.000 0.000 0.000 0.000 0.000 0.000 0.000 0.000
0.000 0.000 0.000 0.000 0.000 0.000 0.000 0.000 0.000 0.000 0.000 0.001 0.003 0.006 0.012 0.025 0.048 0.090 0.160 0.298 0.535 1.059 2.137 4.822 10.410 18.743 29.027 40.779 53.072 63.382 69.546 71.459 69.857 65.083 57.158 47.028 37.160 28.785 21.946 16.297 11.786 8.468 6.052 4.270 2.960 2.024 1.385 0.953 0.660 0.458 0.317 0.218 0.149 0.100 0.065 0.040 0.024 0.013 0.007 0.003 0.001 0.001 0.000 0.000 0.000 0.000 0.000 0.000 0.000 0.000 0.000 0.000 0.000 0.000 0.000 0.000
0.000 0.000 0.000 0.000 0.000 0.000 0.000 0.000 0.000 0.000 0.000 0.001 0.001 0.003 0.006 0.012 0.025 0.045 0.086 0.156 0.301 0.614 1.391 3.326 7.521 14.132 22.433 31.780 41.294 49.320 53.883 55.139 53.596 49.392 42.755 34.775 27.418 21.366 16.410 12.259 8.936 6.493 4.703 3.370 2.376 1.658 1.161 0.820 0.583 0.416 0.297 0.211 0.149 0.105 0.072 0.048 0.031 0.019 0.011 0.006 0.003 0.001 0.000 0.000 0.000 0.000 0.000 0.000 0.000 0.000 0.000 0.000 0.000 0.000 0.000 0.000
0.000 0.000 0.000 0.000 0.000 0.000 0.000 0.000 0.000 0.000 0.000 0.000 0.001 0.001 0.003 0.006 0.011 0.021 0.040 0.076 0.154 0.352 0.878 2.292 5.295 10.141 16.358 23.557 30.923 36.991 40.327 41.053 39.630 36.296 31.191 25.341 20.136 15.851 12.273 9.235 6.792 4.992 3.666 2.667 1.911 1.354 0.966 0.698 0.509 0.373 0.273 0.200 0.147 0.106 0.076 0.053 0.036 0.024 0.015 0.009 0.005 0.002 0.001 0.000 0.000 0.000 0.000 0.000 0.000 0.000 0.000 0.000 0.000 0.000 0.000 0.000
