DepositFiles/ESRI_ASCII/MZRun019.txt
NCOLS    90
NROWS    50
XLLCORNER         225.000
YLLCORNER          32.500
CELLSIZE           0.500          0.500
NODATA_VALUE  0.000
[rows 0 to 33 of 50, columns 0 to 75 of 90]
0.000 0.000 0.000 0.000 0.000 0.000 0.000 0.000 0.000 0.000 0.000 0.000 0.001 0.004 0.010 0.018 0.030 0.043 0.058 0.075 0.095 0.117 0.142 0.168 0.193 0.220 0.250 0.283 0.318 0.353 0.387 0.427 0.470 0.517 0.564 0.614 0.673 0.740 0.819 0.906 0.997 1.092 1.193 1.298 1.399 1.492 1.580 1.663 1.732 1.773 1.785 1.780 1.754 1.704 1.632 1.547 1.464 1.382 1.296 1.207 1.121 1.049 0.985 0.922 0.856 0.794 0.742 0.692 0.638 0.580 0.523 0.473 0.428 0.384 0.340 0.301
0.000 0.000 0.000 0.000 0.000 0.000 0.000 0.000 0.000 0.000 0.000 0.000 0.001 0.004 0.011 0.022 0.037 0.054 0.073 0.094 0.117 0.144 0.175 0.207 0.239 0.271 0.307 0.347 0.390 0.433 0.476 0.522 0.572 0.625 0.681 0.741 0.809 0.889 0.982 1.086 1.195 1.308 1.424 1.540 1.653 1.758 1.855 1.943 2.011 2.046 2.048 2.026 1.978 1.907 1.812 1.706 1.605 1.508 1.410 1.310 1.216 1.139 1.072 1.006 0.938 0.874 0.823 0.779 0.735 0.689 0.644 0.607 0.572 0.537 0.498 0.459
0.000 0.000 0.000 0.000 0.000 0.000 0.000 0.000 0.000 0.000 0.000 0.000 0.002 0.006 0.016 0.030 0.048 0.071 0.096 0.122 0.150 0.183 0.221 0.261 0.302 0.342 0.385 0.432 0.484 0.538 0.592 0.649 0.709 0.774 0.845 0.924 1.015 1.118 1.237 1.368 1.504 1.641 1.776 1.912 2.043 2.166 2.277 2.372 2.434 2.460 2.445 2.400 2.327 2.225 2.096 1.958 1.828 1.707 1.587 1.467 1.354 1.262 1.183 1.105 1.027 0.952 0.893 0.843 0.793 0.742 0.694 0.656 0.624 0.592 0.558 0.525
0.000 0.000 0.000 0.000 0.000 0.000 0.000 0.000 0.000 0.000 0.000 0.001 0.004 0.010 0.023 0.041 0.063 0.091 0.123 0.157 0.192 0.232 0.277 0.327 0.379 0.428 0.480 0.537 0.599 0.666 0.734 0.804 0.877 0.956 1.047 1.152 1.270 1.403 1.552 1.712 1.875 2.035 2.192 2.348 2.500 2.641 2.763 2.856 2.911 2.917 2.872 2.791 2.678 2.532 2.361 2.183 2.022 1.875 1.734 1.594 1.464 1.358 1.267 1.180 1.091 1.008 0.941 0.885 0.831 0.776 0.724 0.682 0.647 0.614 0.579 0.545
0.000 0.000 0.000 0.000 0.000 0.000 0.000 0.000 0.000 0.001 0.001 0.003 0.007 0.017 0.033 0.055 0.083 0.118 0.158 0.202 0.245 0.293 0.348 0.410 0.474 0.536 0.600 0.668 0.744 0.827 0.912 0.998 1.088 1.186 1.304 1.441 1.595 1.763 1.945 2.135 2.326 2.512 2.694 2.874 3.048 3.204 3.331 3.415 3.449 3.416 3.325 3.191 3.020 2.820 2.599 2.380 2.186 2.014 1.852 1.695 1.549 1.431 1.329 1.232 1.135 1.044 0.972 0.911 0.855 0.798 0.745 0.701 0.666 0.632 0.596 0.561
0.000 0.000 0.000 0.000 0.000 0.000 0.000 0.000 0.001 0.001 0.003 0.007 0.013 0.026 0.048 0.075 0.108 0.150 0.201 0.257 0.311 0.371 0.438 0.513 0.593 0.672 0.752 0.835 0.929 1.033 1.140 1.248 1.360 1.486 1.640 1.818 2.016 2.225 2.444 2.665 2.888 3.106 3.321 3.529 3.721 3.885 4.003 4.066 4.056 3.969 3.810 3.600 3.359 3.100 2.831 2.572 2.347 2.151 1.970 1.796 1.635 1.503 1.390 1.284 1.179 1.082 1.005 0.943 0.885 0.828 0.774 0.731 0.695 0.661 0.626 0.592
0.000 0.000 0.000 0.000 0.000 0.000 0.000 0.001 0.002 0.003 0.007 0.013 0.022 0.040 0.066 0.101 0.141 0.192 0.254 0.324 0.393 0.466 0.548 0.640 0.741 0.840 0.939 1.042 1.160 1.289 1.423 1.558 1.703 1.868 2.067 2.296 2.545 2.802 3.061 3.315 3.577 3.838 4.092 4.325 4.528 4.686 4.786 4.805 4.734 4.572 4.317 4.020 3.711 3.398 3.086 2.792 2.539 2.320 2.120 1.929 1.753 1.606 1.482 1.369 1.260 1.161 1.085 1.029 0.980 0.932 0.887 0.849 0.817 0.786 0.752 0.716
0.000 0.000 0.000 0.000 0.000 0.000 0.001 0.002 0.004 0.007 0.013 0.022 0.035 0.057 0.091 0.134 0.183 0.245 0.320 0.407 0.493 0.583 0.681 0.795 0.918 1.042 1.164 1.293 1.440 1.600 1.766 1.937 2.124 2.340 2.595 2.884 3.189 3.498 3.797 4.093 4.405 4.717 5.007 5.260 5.460 5.602 5.662 5.608 5.451 5.171 4.806 4.425 4.051 3.688 3.336 3.011 2.733 2.495 2.281 2.080 1.899 1.757 1.649 1.562 1.483 1.412 1.355 1.306 1.259 1.208 1.155 1.104 1.058 1.012 0.964 0.913
0.000 0.000 0.000 0.000 0.000 0.001 0.002 0.004 0.007 0.013 0.021 0.033 0.052 0.081 0.122 0.176 0.235 0.309 0.400 0.505 0.612 0.722 0.841 0.979 1.130 1.283 1.434 1.596 1.780 1.976 2.183 2.402 2.648 2.929 3.249 3.603 3.971 4.334 4.682 5.034 5.407 5.767 6.090 6.346 6.528 6.624 6.599 6.433 6.140 5.717 5.246 4.786 4.351 3.943 3.562 3.220 2.938 2.714 2.536 2.388 2.259 2.153 2.061 1.975 1.890 1.804 1.726 1.654 1.583 1.509 1.431 1.357 1.288 1.221 1.154 1.086
0.000 0.000 0.000 0.000 0.001 0.002 0.004 0.007 0.012 0.019 0.031 0.047 0.072 0.109 0.160 0.225 0.295 0.385 0.493 0.618 0.748 0.882 1.027 1.195 1.380 1.568 1.756 1.962 2.191 2.434 2.695 2.980 3.303 3.665 4.062 4.489 4.929 5.361 5.779 6.209 6.645 7.053 7.392 7.631 7.759 7.756 7.570 7.249 6.769 6.207 5.640 5.111 4.635 4.222 3.877 3.609 3.406 3.237 3.082 2.929 2.780 2.642 2.512 2.388 2.264 2.140 2.023 1.914 1.811 1.709 1.606 1.510 1.420 1.335 1.253 1.173
0.000 0.000 0.000 0.000 0.001 0.003 0.006 0.010 0.018 0.028 0.043 0.065 0.096 0.141 0.203 0.281 0.365 0.472 0.600 0.751 0.910 1.073 1.250 1.457 1.684 1.917 2.154 2.418 2.706 3.010 3.346 3.721 4.143 4.602 5.090 5.608 6.151 6.684 7.203 7.715 8.214 8.653 8.975 9.153 9.163 8.937 8.573 8.027 7.374 6.716 6.115 5.620 5.232 4.911 4.623 4.363 4.130 3.912 3.697 3.479 3.260 3.052 2.861 2.684 2.515 2.353 2.200 2.059 1.927 1.798 1.674 1.558 1.450 1.350 1.256 1.169
0.000 0.000 0.000 0.001 0.002 0.004 0.008 0.014 0.024 0.037 0.058 0.085 0.125 0.179 0.253 0.347 0.447 0.577 0.729 0.910 1.105 1.303 1.524 1.781 2.060 2.352 2.656 2.995 3.357 3.744 4.181 4.673 5.215 5.791 6.394 7.058 7.749 8.397 9.019 9.610 10.147 10.571 10.823 10.877 10.614 10.197 9.596 8.890 8.217 7.646 7.147 6.700 6.295 5.921 5.563 5.218 4.883 4.555 4.235 3.922 3.623 3.350 3.098 2.866 2.647 2.437 2.238 2.054 1.884 1.725 1.578 1.445 1.326 1.220 1.125 1.040
0.000 0.000 0.000 0.001 0.002 0.006 0.011 0.019 0.032 0.049 0.076 0.109 0.159 0.223 0.312 0.423 0.543 0.700 0.878 1.096 1.333 1.573 1.849 2.167 2.511 2.878 3.269 3.701 4.157 4.655 5.224 5.858 6.545 7.280 8.100 8.956 9.756 10.536 11.256 11.897 12.422 12.769 12.912 12.668 12.241 11.643 11.003 10.364 9.732 9.114 8.531 7.972 7.431 6.911 6.409 5.926 5.460 5.008 4.575 4.163 3.784 3.430 3.100 2.796 2.517 2.260 2.026 1.816 1.631 1.466 1.319 1.191 1.078 0.980 0.894 0.820
0.000 0.000 0.000 0.001 0.003 0.007 0.014 0.024 0.040 0.061 0.095 0.135 0.196 0.271 0.378 0.507 0.651 0.836 1.043 1.303 1.585 1.874 2.218 2.608 3.032 3.496 3.996 4.543 5.120 5.770 6.509 7.324 8.236 9.290 10.336 11.314 12.266 13.169 13.971 14.619 15.075 15.348 15.253 14.964 14.509 13.845 13.100 12.300 11.465 10.624 9.818 9.056 8.330 7.629 6.959 6.318 5.701 5.102 4.530 4.004 3.537 3.113 2.733 2.399 2.109 1.852 1.622 1.418 1.238 1.080 0.944 0.829 0.733 0.653 0.586 0.533
0.000 0.000 0.000 0.001 0.004 0.009 0.017 0.030 0.049 0.075 0.116 0.164 0.237 0.323 0.449 0.594 0.766 0.980 1.220 1.527 1.853 2.203 2.628 3.101 3.626 4.216 4.856 5.546 6.293 7.155 8.122 9.260 10.633 11.959 13.153 14.289 15.418 16.473 17.348 17.998 18.508 18.801 18.771 18.322 17.428 16.397 15.273 14.089 12.901 11.760 10.707 9.729 8.770 7.834 6.939 6.104 5.323 4.593 3.939 3.381 2.900 2.478 2.104 1.776 1.492 1.247 1.037 0.863 0.721 0.606 0.513 0.440 0.381 0.336 0.299 0.272
0.000 0.000 0.000 0.001 0.004 0.011 0.021 0.037 0.060 0.092 0.140 0.198 0.281 0.380 0.525 0.686 0.888 1.129 1.410 1.773 2.149 2.582 3.104 3.675 4.337 5.100 5.914 6.789 7.793 8.960 10.416 12.190 13.892 15.407 16.798 18.217 19.630 20.940 22.052 23.086 23.725 23.690 23.026 21.772 20.231 18.598 16.950 15.319 13.751 12.274 10.904 9.598 8.349 7.187 6.140 5.212 4.373 3.620 2.971 2.422 1.958 1.566 1.244 0.983 0.773 0.602 0.467 0.361 0.280 0.220 0.176 0.144 0.122 0.106 0.094 0.086
0.000 0.000 0.000 0.002 0.005 0.014 0.026 0.046 0.072 0.112 0.165 0.234 0.328 0.440 0.603 0.781 1.018 1.287 1.619 2.045 2.490 3.038 3.673 4.375 5.247 6.232 7.253 8.404 9.838 11.759 13.992 16.190 18.189 20.008 21.841 23.775 25.756 27.651 29.215 30.038 29.780 28.720 26.906 24.683 22.335 20.039 17.832 15.660 13.589 11.709 10.035 8.531 7.162 5.910 4.791 3.814 2.975 2.292 1.745 1.316 0.981 0.716 0.512 0.360 0.252 0.178 0.128 0.094 0.070 0.054 0.043 0.036 0.030 0.026 0.023 0.021
0.000 0.000 0.000 0.002 0.006 0.016 0.030 0.055 0.083 0.131 0.188 0.269 0.369 0.497 0.674 0.874 1.148 1.448 1.848 2.335 2.869 3.567 4.331 5.239 6.417 7.672 8.986 10.705 13.140 16.011 18.914 21.570 23.939 26.382 29.084 31.971 34.705 36.896 37.872 37.276 35.496 32.834 29.708 26.449 23.227 20.127 17.199 14.514 12.172 10.139 8.346 6.714 5.245 3.996 2.975 2.174 1.561 1.088 0.736 0.488 0.321 0.212 0.141 0.096 0.067 0.049 0.037 0.028 0.023 0.019 0.016 0.014 0.012 0.011 0.009 0.008
0.000 0.000 0.001 0.002 0.007 0.019 0.034 0.063 0.094 0.148 0.208 0.302 0.404 0.553 0.740 0.967 1.273 1.605 2.082 2.627 3.287 4.151 5.077 6.336 7.906 9.488 11.473 14.400 18.087 21.917 25.436 28.530 31.805 35.613 39.753 43.448 46.359 47.424 46.313 43.477 39.542 35.211 30.680 26.156 21.951 18.225 15.000 12.204 9.720 7.560 5.774 4.298 3.083 2.111 1.385 0.892 0.561 0.350 0.221 0.144 0.098 0.069 0.051 0.040 0.032 0.027 0.023 0.020 0.018 0.016 0.014 0.013 0.011 0.010 0.009 0.008
0.000 0.000 0.001 0.002 0.008 0.021 0.038 0.069 0.103 0.162 0.227 0.331 0.439 0.609 0.799 1.061 1.385 1.762 2.313 2.918 3.749 4.771 5.952 7.732 9.704 11.905 15.206 19.838 24.886 29.605 33.725 38.067 43.357 49.322 54.535 58.150 59.169 57.116 52.799 47.170 40.991 34.638 28.645 23.334 18.758 14.855 11.512 8.755 6.509 4.714 3.301 2.177 1.338 0.786 0.475 0.298 0.195 0.135 0.098 0.074 0.058 0.047 0.040 0.034 0.029 0.025 0.022 0.020 0.018 0.016 0.014 0.013 0.012 0.011 0.010 0.009
0.000 0.000 0.001 0.003 0.008 0.023 0.042 0.076 0.113 0.178 0.248 0.361 0.476 0.659 0.856 1.151 1.484 1.924 2.529 3.217 4.254 5.445 7.043 9.427 11.917 15.329 20.699 27.200 33.507 39.130 44.938 52.235 60.720 68.571 73.340 74.086 70.290 63.824 55.705 46.839 38.355 30.814 24.255 18.551 13.920 10.362 7.582 5.400 3.693 2.381 1.441 0.836 0.488 0.311 0.216 0.159 0.123 0.098 0.079 0.065 0.053 0.045 0.038 0.033 0.028 0.025 0.022 0.020 0.018 0.016 0.015 0.013 0.012 0.011 0.010 0.010
0.000 0.000 0.001 0.003 0.009 0.025 0.046 0.082 0.124 0.192 0.268 0.386 0.507 0.700 0.903 1.224 1.562 2.065 2.700 3.504 4.738 6.133 8.349 11.330 14.689 20.139 27.844 35.929 43.487 51.316 61.444 73.710 85.927 93.007 93.224 86.781 76.986 65.125 53.128 42.257 32.846 24.596 17.939 12.883 9.211 6.500 4.452 2.888 1.770 1.054 0.620 0.393 0.280 0.211 0.163 0.130 0.106 0.087 0.072 0.060 0.050 0.042 0.036 0.031 0.027 0.024 0.021 0.019 0.017 0.016 0.014 0.013 0.012 0.011 0.010 0.010
0.000 0.000 0.001 0.003 0.010 0.026 0.049 0.086 0.130 0.199 0.280 0.397 0.523 0.715 0.922 1.251 1.592 2.147 2.779 3.744 5.083 6.753 9.680 13.152 17.995 26.092 35.683 44.909 55.221 70.039 89.639 109.816 120.010 118.402 107.335 92.177 75.648 60.023 46.349 34.428 24.746 17.328 11.939 8.279 5.685 3.778 2.390 1.477 0.909 0.578 0.395 0.293 0.224 0.176 0.140 0.113 0.094 0.078 0.066 0.055 0.047 0.040 0.034 0.030 0.026 0.023 0.021 0.019 0.017 0.015 0.014 0.013 0.012 0.011 0.010 0.010
0.000 0.000 0.001 0.003 0.010 0.026 0.051 0.087 0.133 0.201 0.284 0.396 0.522 0.707 0.914 1.239 1.580 2.141 2.777 3.861 5.214 7.285 10.749 14.822 21.912 32.481 43.817 58.806 88.957 125.246 155.084 165.975 155.652 133.998 109.381 86.814 67.147 49.879 35.579 24.740 16.676 11.118 7.574 5.172 3.385 2.156 1.378 0.898 0.611 0.432 0.318 0.244 0.192 0.153 0.123 0.101 0.085 0.072 0.061 0.052 0.044 0.038 0.033 0.029 0.025 0.022 0.020 0.018 0.017 0.015 0.014 0.013 0.012 0.011 0.011 0.010
0.000 0.000 0.001 0.003 0.010 0.026 0.050 0.086 0.130 0.194 0.275 0.380 0.504 0.677 0.885 1.197 1.538 2.094 2.730 3.847 5.238 7.724 11.354 16.636 27.597 46.547 81.539 143.119 210.103 250.849 256.759 221.205 174.282 129.741 97.880 73.549 52.647 36.501 24.706 16.175 10.537 7.198 4.907 3.248 2.105 1.387 0.945 0.665 0.481 0.354 0.269 0.211 0.168 0.135 0.111 0.092 0.078 0.067 0.058 0.050 0.043 0.037 0.033 0.029 0.025 0.022 0.020 0.018 0.017 0.015 0.014 0.013 0.013 0.012 0.011 0.011
0.000 0.000 0.001 0.003 0.009 0.024 0.047 0.080 0.122 0.181 0.257 0.355 0.471 0.632 0.832 1.118 1.450 1.966 2.587 3.679 5.072 7.839 11.748 21.084 48.245 105.335 230.070 376.399 458.637 449.590 356.137 246.750 162.881 107.357 77.500 54.706 37.302 24.776 15.952 10.273 7.042 4.824 3.234 2.143 1.447 1.011 0.726 0.534 0.396 0.298 0.232 0.184 0.148 0.121 0.101 0.085 0.073 0.063 0.055 0.048 0.042 0.037 0.033 0.029 0.026 0.023 0.021 0.019 0.017 0.016 0.015 0.014 0.013 0.013 0.012 0.012
0.000 0.000 0.001 0.002 0.007 0.020 0.040 0.070 0.107 0.162 0.231 0.320 0.427 0.572 0.757 1.013 1.326 1.787 2.379 3.385 4.743 7.509 12.271 34.058 131.335 379.087 756.727 962.831 902.163 642.641 387.017 225.623 122.440 78.608 55.762 38.150 25.230 16.162 10.409 7.099 4.858 3.272 2.198 1.518 1.082 0.787 0.581 0.436 0.327 0.251 0.199 0.160 0.131 0.109 0.091 0.078 0.067 0.058 0.051 0.045 0.040 0.036 0.032 0.029 0.026 0.023 0.021 0.019 0.018 0.016 0.015 0.014 0.013 0.013 0.012 0.012
0.000 0.000 0.000 0.002 0.006 0.016 0.033 0.059 0.092 0.140 0.201 0.280 0.375 0.504 0.668 0.892 1.170 1.566 2.103 2.971 4.220 6.731 12.100 53.313 238.378 897.942 1620.165 1710.299 1266.033 681.477 332.023 159.139 78.106 54.500 38.519 25.885 16.735 10.797 7.263 4.930 3.311 2.256 1.595 1.159 0.854 0.633 0.473 0.358 0.273 0.213 0.171 0.139 0.116 0.097 0.082 0.071 0.061 0.054 0.047 0.042 0.038 0.034 0.031 0.028 0.025 0.022 0.020 0.019 0.017 0.016 0.015 0.014 0.013 0.013 0.012 0.012
0.000 0.000 0.000 0.001 0.004 0.012 0.026 0.048 0.077 0.118 0.171 0.239 0.321 0.432 0.571 0.761 0.995 1.321 1.781 2.482 3.571 5.633 10.796 58.745 273.511 1236.914 2063.715 1987.624 1271.326 526.848 208.307 86.303 50.074 37.098 26.187 17.342 11.209 7.361 4.926 3.352 2.349 1.698 1.252 0.932 0.694 0.516 0.390 0.297 0.230 0.183 0.148 0.123 0.103 0.087 0.075 0.065 0.057 0.050 0.045 0.040 0.036 0.032 0.029 0.027 0.024 0.022 0.020 0.018 0.017 0.016 0.015 0.014 0.013 0.013 0.012 0.012
0.000 0.000 0.000 0.001 0.003 0.009 0.021 0.038 0.063 0.097 0.142 0.198 0.267 0.358 0.471 0.628 0.814 1.077 1.444 1.978 2.857 4.334 8.128 45.806 248.840 1175.173 1743.731 1505.832 776.909 258.729 99.014 47.776 34.502 25.495 17.602 11.454 7.387 4.921 3.443 2.492 1.828 1.355 1.009 0.753 0.563 0.424 0.324 0.250 0.198 0.160 0.131 0.109 0.093 0.080 0.069 0.061 0.054 0.048 0.043 0.038 0.035 0.032 0.029 0.026 0.024 0.022 0.020 0.019 0.017 0.016 0.015 0.014 0.013 0.013 0.012 0.012
0.000 0.000 0.000 0.001 0.002 0.007 0.015 0.029 0.049 0.076 0.113 0.157 0.214 0.286 0.377 0.501 0.641 0.854 1.118 1.547 2.188 3.270 5.544 18.686 182.874 326.572 437.902 419.623 256.784 101.082 48.579 31.373 23.472 16.756 11.230 7.362 5.001 3.585 2.659 1.983 1.468 1.087 0.812 0.612 0.465 0.356 0.275 0.216 0.173 0.141 0.117 0.098 0.084 0.073 0.063 0.056 0.050 0.045 0.041 0.037 0.034 0.031 0.028 0.026 0.024 0.022 0.020 0.019 0.018 0.016 0.015 0.014 0.014 0.013 0.012 0.012
0.000 0.000 0.000 0.000 0.002 0.004 0.011 0.021 0.036 0.057 0.087 0.120 0.168 0.221 0.298 0.387 0.506 0.664 0.873 1.215 1.689 2.601 4.022 7.887 23.961 65.634 98.998 97.569 65.719 37.568 25.289 18.760 13.953 10.070 7.150 5.087 3.705 2.762 2.077 1.548 1.147 0.860 0.654 0.503 0.388 0.300 0.235 0.187 0.151 0.124 0.103 0.087 0.074 0.064 0.057 0.050 0.045 0.041 0.037 0.034 0.031 0.029 0.027 0.025 0.023 0.021 0.020 0.018 0.017 0.016 0.015 0.014 0.013 0.012 0.011 0.010
0.000 0.000 0.000 0.000 0.001 0.003 0.007 0.014 0.025 0.042 0.064 0.092 0.127 0.171 0.230 0.298 0.395 0.506 0.686 0.921 1.333 1.973 3.123 4.931 7.653 11.508 15.169 17.269 17.075 15.281 12.873 10.535 8.342 6.461 4.904 3.647 2.720 2.053 1.561 1.187 0.900 0.689 0.533 0.415 0.324 0.253 0.200 0.161 0.131 0.107 0.089 0.075 0.065 0.056 0.050 0.044 0.040 0.036 0.033 0.030 0.028 0.026 0.024 0.022 0.021 0.019 0.018 0.016 0.015 0.014 0.013 0.012 0.011 0.010 0.010 0.009
0.000 0.000 0.000 0.000 0.001 0.002 0.004 0.009 0.017 0.030 0.046 0.068 0.094 0.130 0.171 0.228 0.293 0.388 0.509 0.705 0.996 1.501 2.300 3.391 4.736 5.991 7.105 7.889 8.250 8.062 7.342 6.353 5.286 4.278 3.368 2.594 2.000 1.558 1.219 0.948 0.730 0.564 0.440 0.344 0.270 0.213 0.170 0.137 0.112 0.092 0.077 0.065 0.056 0.049 0.043 0.039 0.035 0.032 0.029 0.027 0.025 0.023 0.021 0.020 0.018 0.017 0.016 0.014 0.013 0.012 0.011 0.010 0.009 0.009 0.008 0.007
