DepositFiles/ESRI_ASCII/MZRun009.txt
NCOLS    90
NROWS    50
XLLCORNER         225.000
YLLCORNER          32.500
CELLSIZE           0.500          0.500
NODATA_VALUE  0.000
[rows 0 to 33 of 50, columns 0 to 75 of 90]
0.000 0.000 0.000 0.000 0.000 0.000 0.000 0.000 0.000 0.000 0.002 0.005 0.010 0.017 0.027 0.038 0.051 0.064 0.074 0.085 0.100 0.116 0.131 0.138 0.142 0.150 0.161 0.172 0.177 0.179 0.181 0.186 0.189 0.189 0.186 0.184 0.184 0.183 0.178 0.170 0.163 0.158 0.151 0.142 0.130 0.118 0.107 0.094 0.081 0.066 0.053 0.041 0.032 0.024 0.017 0.012 0.008 0.005 0.002 0.000 0.000 0.000 0.000 0.000 0.000 0.000 0.000 0.000 0.000 0.000 0.000 0.000 0.000 0.000 0.000 0.000
0.000 0.000 0.000 0.000 0.000 0.000 0.000 0.000 0.000 0.000 0.001 0.004 0.009 0.016 0.026 0.039 0.054 0.070 0.084 0.097 0.112 0.131 0.149 0.162 0.170 0.178 0.189 0.201 0.210 0.214 0.216 0.221 0.225 0.228 0.226 0.224 0.224 0.224 0.221 0.214 0.207 0.203 0.199 0.192 0.181 0.169 0.159 0.148 0.134 0.117 0.101 0.089 0.076 0.064 0.051 0.039 0.031 0.023 0.018 0.013 0.010 0.007 0.005 0.003 0.002 0.001 0.000 0.000 0.000 0.000 0.000 0.000 0.000 0.000 0.000 0.000
0.000 0.000 0.000 0.000 0.000 0.000 0.000 0.000 0.000 0.000 0.001 0.003 0.007 0.014 0.022 0.034 0.049 0.067 0.085 0.100 0.115 0.133 0.152 0.171 0.184 0.193 0.204 0.216 0.228 0.237 0.242 0.248 0.254 0.260 0.262 0.263 0.264 0.265 0.264 0.258 0.253 0.250 0.248 0.242 0.232 0.222 0.215 0.207 0.194 0.177 0.160 0.146 0.131 0.116 0.099 0.084 0.071 0.060 0.049 0.039 0.030 0.024 0.019 0.015 0.012 0.009 0.007 0.006 0.004 0.003 0.002 0.002 0.001 0.001 0.001 0.001
0.000 0.000 0.000 0.000 0.000 0.000 0.000 0.000 0.000 0.000 0.000 0.001 0.005 0.010 0.017 0.027 0.040 0.056 0.075 0.093 0.109 0.126 0.145 0.165 0.182 0.195 0.207 0.220 0.234 0.246 0.255 0.264 0.272 0.280 0.286 0.290 0.293 0.296 0.297 0.294 0.291 0.290 0.289 0.285 0.276 0.267 0.261 0.256 0.244 0.227 0.210 0.196 0.183 0.167 0.149 0.131 0.118 0.106 0.094 0.081 0.069 0.059 0.050 0.042 0.035 0.028 0.023 0.019 0.016 0.013 0.010 0.009 0.007 0.006 0.004 0.004
0.000 0.000 0.000 0.000 0.000 0.000 0.000 0.000 0.000 0.000 0.000 0.000 0.002 0.006 0.012 0.019 0.028 0.041 0.057 0.074 0.091 0.108 0.125 0.144 0.163 0.181 0.196 0.210 0.224 0.239 0.254 0.266 0.277 0.288 0.297 0.305 0.311 0.317 0.321 0.323 0.326 0.332 0.338 0.336 0.328 0.317 0.310 0.303 0.294 0.280 0.265 0.251 0.239 0.222 0.201 0.182 0.168 0.155 0.141 0.126 0.111 0.100 0.090 0.079 0.069 0.059 0.052 0.045 0.039 0.034 0.029 0.025 0.022 0.019 0.016 0.014
0.000 0.000 0.000 0.000 0.000 0.000 0.000 0.000 0.000 0.000 0.000 0.000 0.001 0.002 0.006 0.011 0.017 0.025 0.037 0.051 0.065 0.079 0.094 0.110 0.127 0.144 0.160 0.174 0.191 0.209 0.227 0.242 0.256 0.269 0.283 0.296 0.310 0.323 0.339 0.359 0.379 0.397 0.409 0.407 0.396 0.384 0.380 0.379 0.378 0.370 0.357 0.342 0.327 0.307 0.281 0.257 0.240 0.224 0.207 0.187 0.168 0.154 0.142 0.130 0.117 0.104 0.095 0.087 0.080 0.073 0.068 0.063 0.059 0.054 0.049 0.044
0.000 0.000 0.000 0.000 0.000 0.000 0.000 0.000 0.000 0.000 0.000 0.000 0.000 0.000 0.002 0.005 0.009 0.014 0.020 0.029 0.040 0.051 0.062 0.074 0.088 0.102 0.116 0.128 0.142 0.160 0.179 0.197 0.214 0.233 0.252 0.276 0.312 0.358 0.407 0.448 0.487 0.516 0.525 0.512 0.491 0.482 0.486 0.500 0.511 0.513 0.495 0.484 0.467 0.443 0.411 0.380 0.357 0.337 0.314 0.289 0.265 0.247 0.232 0.218 0.201 0.186 0.177 0.170 0.164 0.159 0.153 0.147 0.139 0.128 0.118 0.108
0.000 0.000 0.000 0.000 0.000 0.000 0.000 0.000 0.000 0.000 0.000 0.000 0.000 0.000 0.000 0.001 0.004 0.007 0.011 0.015 0.022 0.030 0.039 0.048 0.059 0.071 0.084 0.104 0.130 0.164 0.203 0.243 0.281 0.316 0.363 0.436 0.519 0.577 0.629 0.707 0.767 0.774 0.739 0.680 0.637 0.619 0.626 0.649 0.672 0.675 0.660 0.643 0.625 0.599 0.563 0.527 0.498 0.473 0.444 0.414 0.384 0.361 0.344 0.334 0.328 0.322 0.319 0.311 0.301 0.289 0.274 0.258 0.240 0.223 0.207 0.190
0.000 0.000 0.000 0.000 0.000 0.000 0.000 0.000 0.000 0.000 0.000 0.000 0.000 0.000 0.000 0.000 0.001 0.003 0.005 0.007 0.010 0.015 0.021 0.028 0.037 0.050 0.078 0.121 0.181 0.255 0.340 0.429 0.518 0.612 0.742 0.895 1.069 1.230 1.372 1.444 1.416 1.299 1.135 0.976 0.869 0.810 0.799 0.810 0.827 0.825 0.807 0.787 0.766 0.736 0.695 0.649 0.614 0.584 0.558 0.534 0.520 0.513 0.508 0.506 0.502 0.494 0.485 0.470 0.447 0.420 0.390 0.359 0.328 0.296 0.265 0.237
0.000 0.000 0.000 0.000 0.000 0.000 0.000 0.000 0.000 0.000 0.000 0.000 0.000 0.000 0.000 0.000 0.001 0.002 0.003 0.005 0.006 0.008 0.011 0.015 0.025 0.049 0.097 0.173 0.304 0.512 0.787 1.097 1.403 1.740 2.138 2.580 2.918 3.060 3.102 2.992 2.675 2.260 1.834 1.481 1.229 1.074 0.997 0.968 0.962 0.952 0.922 0.894 0.864 0.830 0.789 0.753 0.732 0.724 0.716 0.706 0.698 0.694 0.694 0.695 0.682 0.656 0.622 0.580 0.534 0.486 0.440 0.396 0.354 0.313 0.275 0.240
0.000 0.000 0.000 0.000 0.000 0.000 0.000 0.000 0.000 0.000 0.000 0.000 0.000 0.000 0.000 0.000 0.001 0.002 0.004 0.006 0.008 0.010 0.011 0.017 0.034 0.074 0.153 0.336 0.680 1.201 1.845 2.594 3.429 4.381 5.354 6.198 6.744 6.887 6.581 5.863 4.949 3.957 3.049 2.335 1.815 1.475 1.283 1.180 1.124 1.077 1.023 0.982 0.956 0.938 0.925 0.913 0.911 0.916 0.921 0.918 0.911 0.905 0.892 0.865 0.817 0.759 0.698 0.635 0.571 0.508 0.448 0.393 0.344 0.298 0.257 0.221
0.000 0.000 0.000 0.000 0.000 0.000 0.000 0.000 0.000 0.000 0.000 0.000 0.000 0.000 0.000 0.000 0.001 0.002 0.005 0.008 0.013 0.018 0.024 0.035 0.064 0.140 0.329 0.723 1.390 2.490 4.024 5.894 7.993 10.220 12.192 13.502 13.940 13.595 12.451 10.744 8.853 6.941 5.259 3.915 2.936 2.251 1.808 1.525 1.357 1.245 1.159 1.109 1.093 1.094 1.102 1.116 1.138 1.161 1.174 1.172 1.156 1.124 1.068 1.001 0.924 0.840 0.755 0.669 0.587 0.510 0.441 0.380 0.324 0.276 0.235 0.200
0.000 0.000 0.000 0.000 0.000 0.000 0.000 0.000 0.000 0.000 0.000 0.000 0.000 0.000 0.000 0.000 0.001 0.002 0.005 0.010 0.017 0.027 0.042 0.071 0.140 0.315 0.690 1.414 2.854 5.221 8.296 11.935 15.868 19.898 22.856 24.536 24.957 23.906 21.632 18.642 15.362 12.082 9.143 6.716 4.874 3.559 2.693 2.121 1.747 1.498 1.349 1.275 1.259 1.280 1.312 1.347 1.374 1.392 1.393 1.375 1.333 1.263 1.175 1.077 0.971 0.864 0.758 0.655 0.559 0.475 0.401 0.338 0.284 0.238 0.199 0.167
0.000 0.000 0.000 0.000 0.000 0.000 0.000 0.000 0.000 0.000 0.000 0.000 0.000 0.000 0.000 0.000 0.000 0.001 0.004 0.009 0.019 0.033 0.061 0.117 0.250 0.579 1.316 2.863 5.677 9.925 15.337 21.426 27.773 33.935 38.359 40.587 40.849 39.063 35.457 30.698 25.357 19.947 15.058 11.003 7.901 5.693 4.122 3.017 2.293 1.845 1.622 1.532 1.513 1.512 1.521 1.531 1.531 1.507 1.460 1.400 1.327 1.238 1.135 1.021 0.900 0.778 0.662 0.558 0.464 0.381 0.311 0.255 0.210 0.173 0.143 0.119
0.000 0.000 0.000 0.000 0.000 0.000 0.000 0.000 0.000 0.000 0.000 0.000 0.000 0.000 0.000 0.000 0.000 0.001 0.002 0.006 0.016 0.033 0.069 0.151 0.350 0.945 2.424 5.391 10.483 17.745 26.261 35.282 44.590 53.158 59.133 61.949 62.068 59.409 54.141 46.924 38.925 30.683 23.358 17.136 12.189 8.544 5.920 4.138 3.014 2.386 2.045 1.868 1.766 1.691 1.624 1.557 1.487 1.406 1.321 1.238 1.151 1.045 0.922 0.787 0.666 0.560 0.464 0.380 0.306 0.245 0.195 0.155 0.124 0.099 0.080 0.066
0.000 0.000 0.000 0.000 0.000 0.000 0.000 0.000 0.000 0.000 0.000 0.000 0.000 0.000 0.000 0.000 0.000 0.000 0.001 0.002 0.009 0.026 0.068 0.169 0.459 1.390 4.013 9.528 18.319 29.336 41.492 54.124 66.675 76.912 84.014 87.282 86.795 83.160 77.009 67.140 55.894 44.437 33.745 24.392 17.101 11.697 7.916 5.449 3.911 2.991 2.463 2.114 1.867 1.674 1.516 1.389 1.276 1.164 1.048 0.927 0.814 0.709 0.606 0.513 0.428 0.350 0.279 0.217 0.164 0.121 0.089 0.065 0.049 0.037 0.029 0.025
0.000 0.000 0.000 0.000 0.000 0.000 0.000 0.000 0.000 0.000 0.000 0.000 0.000 0.000 0.000 0.000 0.000 0.000 0.000 0.001 0.005 0.020 0.062 0.177 0.544 1.850 6.178 15.630 28.905 44.526 60.927 77.242 92.287 103.580 110.396 114.070 115.410 112.822 104.802 91.978 76.456 60.379 45.254 32.239 22.282 15.030 10.059 6.804 4.719 3.446 2.659 2.133 1.762 1.479 1.255 1.085 0.941 0.811 0.701 0.605 0.523 0.444 0.367 0.295 0.232 0.178 0.132 0.093 0.064 0.043 0.029 0.019 0.014 0.011 0.008 0.007
0.000 0.000 0.000 0.000 0.000 0.000 0.000 0.000 0.000 0.000 0.000 0.000 0.000 0.000 0.000 0.000 0.000 0.000 0.001 0.002 0.007 0.025 0.079 0.235 0.732 2.549 8.889 22.642 41.105 61.317 81.371 100.624 116.307 128.011 136.293 144.349 150.252 149.104 138.757 120.855 99.004 76.671 56.538 39.922 27.423 18.263 12.004 7.886 5.203 3.591 2.558 1.876 1.410 1.076 0.849 0.695 0.578 0.482 0.404 0.340 0.284 0.234 0.187 0.146 0.109 0.076 0.050 0.030 0.018 0.011 0.007 0.005 0.003 0.002 0.002 0.001
0.000 0.000 0.000 0.000 0.000 0.000 0.000 0.000 0.000 0.000 0.000 0.000 0.000 0.000 0.000 0.000 0.000 0.000 0.001 0.004 0.014 0.045 0.133 0.392 1.195 3.880 12.271 29.822 52.635 77.038 99.962 119.710 135.692 149.547 166.471 184.112 193.898 191.526 175.331 149.027 118.959 90.344 65.727 45.940 31.034 20.142 12.854 8.070 4.997 3.168 2.043 1.358 0.915 0.641 0.478 0.374 0.303 0.251 0.208 0.172 0.141 0.112 0.082 0.056 0.037 0.022 0.013 0.007 0.003 0.002 0.001 0.001 0.000 0.000 0.000 0.000
0.000 0.000 0.000 0.000 0.000 0.000 0.000 0.000 0.000 0.000 0.000 0.000 0.000 0.000 0.000 0.000 0.000 0.001 0.002 0.008 0.026 0.080 0.231 0.671 1.993 5.893 16.235 36.154 62.740 90.279 114.190 133.273 153.159 179.941 210.893 236.573 245.859 235.472 207.427 170.533 132.017 97.689 69.298 47.309 31.123 19.572 11.923 6.902 3.938 2.247 1.311 0.783 0.501 0.351 0.259 0.204 0.162 0.128 0.101 0.079 0.060 0.041 0.026 0.015 0.008 0.004 0.002 0.001 0.000 0.000 0.000 0.000 0.000 0.000 0.000 0.000
0.000 0.000 0.000 0.000 0.000 0.000 0.000 0.000 0.000 0.000 0.000 0.000 0.000 0.000 0.000 0.000 0.000 0.001 0.004 0.014 0.044 0.131 0.375 1.077 3.111 8.171 19.794 41.354 70.502 99.892 123.619 146.535 182.326 230.585 274.387 298.277 296.374 269.822 226.347 176.956 131.271 93.919 64.949 43.333 27.215 15.895 8.793 4.568 2.360 1.239 0.664 0.395 0.259 0.182 0.131 0.092 0.064 0.045 0.031 0.021 0.014 0.008 0.005 0.002 0.001 0.000 0.000 0.000 0.000 0.000 0.000 0.000 0.000 0.000 0.000 0.000
0.000 0.000 0.000 0.000 0.000 0.000 0.000 0.000 0.000 0.000 0.000 0.000 0.000 0.000 0.000 0.000 0.000 0.001 0.006 0.021 0.066 0.193 0.543 1.529 4.111 9.730 21.407 43.510 73.881 103.229 129.540 167.711 229.899 295.713 339.932 350.019 327.519 278.321 219.416 164.230 118.459 82.743 55.308 34.726 19.773 10.375 5.008 2.279 1.022 0.507 0.298 0.188 0.120 0.070 0.038 0.021 0.014 0.009 0.005 0.003 0.002 0.001 0.000 0.000 0.000 0.000 0.000 0.000 0.000 0.000 0.000 0.000 0.000 0.000 0.000 0.000
0.000 0.000 0.000 0.000 0.000 0.000 0.000 0.000 0.000 0.000 0.000 0.000 0.000 0.000 0.000 0.000 0.000 0.002 0.008 0.026 0.081 0.230 0.634 1.743 4.423 9.608 20.517 41.697 70.022 98.314 134.099 196.587 280.318 349.914 381.985 367.615 317.099 253.221 192.108 140.058 98.184 65.908 41.012 23.138 11.400 4.833 1.918 0.746 0.375 0.236 0.146 0.084 0.039 0.014 0.005 0.003 0.001 0.001 0.000 0.000 0.000 0.000 0.000 0.000 0.000 0.000 0.000 0.000 0.000 0.000 0.000 0.000 0.000 0.000 0.000 0.000
0.000 0.000 0.000 0.000 0.000 0.000 0.000 0.000 0.000 0.000 0.000 0.000 0.000 0.000 0.000 0.000 0.000 0.002 0.008 0.028 0.084 0.232 0.623 1.634 3.882 8.538 21.855 47.570 74.001 101.108 146.654 224.188 314.800 371.078 374.348 331.172 266.678 204.110 150.381 107.003 71.771 44.485 24.612 11.278 4.179 1.457 0.568 0.308 0.205 0.136 0.076 0.034 0.010 0.001 0.000 0.000 0.000 0.000 0.000 0.000 0.000 0.000 0.000 0.000 0.000 0.000 0.000 0.000 0.000 0.000 0.000 0.000 0.000 0.000 0.000 0.000
0.000 0.000 0.000 0.000 0.000 0.000 0.000 0.000 0.000 0.000 0.000 0.000 0.000 0.000 0.000 0.000 0.000 0.002 0.007 0.023 0.065 0.173 0.499 1.624 5.993 21.896 70.773 133.532 161.613 183.567 211.342 255.531 309.362 335.341 311.427 256.472 198.235 147.812 106.405 72.308 44.330 23.647 10.405 3.705 1.261 0.481 0.281 0.204 0.146 0.090 0.046 0.017 0.003 0.000 0.000 0.000 0.000 0.000 0.000 0.000 0.000 0.000 0.000 0.000 0.000 0.000 0.000 0.000 0.000 0.000 0.000 0.000 0.000 0.000 0.000 0.000
0.000 0.000 0.000 0.000 0.000 0.000 0.000 0.000 0.000 0.000 0.000 0.000 0.000 0.000 0.000 0.000 0.000 0.001 0.004 0.013 0.037 0.099 0.422 2.996 17.674 58.566 162.531 266.922 291.285 297.773 284.862 259.293 260.162 259.020 226.785 182.225 138.068 101.242 69.887 43.084 23.293 10.431 3.696 1.247 0.492 0.289 0.212 0.160 0.112 0.067 0.031 0.010 0.001 0.000 0.000 0.000 0.000 0.000 0.000 0.000 0.000 0.000 0.000 0.000 0.000 0.000 0.000 0.000 0.000 0.000 0.000 0.000 0.000 0.000 0.000 0.000
0.000 0.000 0.000 0.000 0.000 0.000 0.000 0.000 0.000 0.000 0.000 0.000 0.000 0.000 0.000 0.000 0.000 0.000 0.002 0.005 0.015 0.046 0.389 6.836 50.740 175.930 396.073 540.616 505.347 398.550 300.777 221.444 189.241 182.446 160.720 129.685 98.432 69.972 44.440 24.025 10.599 4.013 1.460 0.609 0.327 0.224 0.175 0.133 0.092 0.055 0.025 0.007 0.001 0.000 0.000 0.000 0.000 0.000 0.000 0.000 0.000 0.000 0.000 0.000 0.000 0.000 0.000 0.000 0.000 0.000 0.000 0.000 0.000 0.000 0.000 0.000
0.000 0.000 0.000 0.000 0.000 0.000 0.000 0.000 0.000 0.000 0.000 0.000 0.000 0.000 0.000 0.000 0.000 0.000 0.001 0.002 0.004 0.014 0.369 12.888 98.119 406.553 771.881 882.122 676.970 427.106 273.984 159.316 135.791 133.801 120.155 97.724 71.778 46.347 25.020 11.347 4.726 1.938 0.821 0.399 0.248 0.186 0.150 0.116 0.082 0.051 0.024 0.007 0.001 0.000 0.000 0.000 0.000 0.000 0.000 0.000 0.000 0.000 0.000 0.000 0.000 0.000 0.000 0.000 0.000 0.000 0.000 0.000 0.000 0.000 0.000 0.000
0.000 0.000 0.000 0.000 0.000 0.000 0.000 0.000 0.000 0.000 0.000 0.000 0.000 0.000 0.000 0.000 0.000 0.000 0.000 0.000 0.001 0.004 0.278 14.885 111.814 576.412 987.233 996.330 674.733 368.170 200.799 106.857 104.610 104.143 92.186 70.643 46.519 25.790 12.515 5.832 2.596 1.114 0.513 0.285 0.199 0.159 0.131 0.105 0.076 0.049 0.025 0.008 0.001 0.000 0.000 0.000 0.000 0.000 0.000 0.000 0.000 0.000 0.000 0.000 0.000 0.000 0.000 0.000 0.000 0.000 0.000 0.000 0.000 0.000 0.000 0.000
0.000 0.000 0.000 0.000 0.000 0.000 0.000 0.000 0.000 0.000 0.000 0.000 0.000 0.000 0.000 0.000 0.000 0.000 0.000 0.000 0.000 0.001 0.109 10.863 96.523 534.625 804.756 713.141 397.862 200.543 115.764 76.650 79.373 76.139 63.347 43.811 25.533 13.617 6.912 3.287 1.467 0.664 0.341 0.215 0.163 0.137 0.117 0.096 0.073 0.050 0.030 0.012 0.003 0.000 0.000 0.000 0.000 0.000 0.000 0.000 0.000 0.000 0.000 0.000 0.000 0.000 0.000 0.000 0.000 0.000 0.000 0.000 0.000 0.000 0.000 0.000
0.000 0.000 0.000 0.000 0.000 0.000 0.000 0.000 0.000 0.000 0.000 0.000 0.000 0.000 0.000 0.000 0.000 0.000 0.000 0.000 0.000 0.000 0.010 2.982 74.195 136.113 196.668 201.978 138.425 82.106 57.742 51.347 52.692 48.098 36.937 23.439 13.590 7.411 3.778 1.796 0.828 0.412 0.239 0.170 0.140 0.122 0.107 0.090 0.072 0.052 0.033 0.017 0.006 0.001 0.000 0.000 0.000 0.000 0.000 0.000 0.000 0.000 0.000 0.000 0.000 0.000 0.000 0.000 0.000 0.000 0.000 0.000 0.000 0.000 0.000 0.000
0.000 0.000 0.000 0.000 0.000 0.000 0.000 0.000 0.000 0.000 0.000 0.000 0.000 0.000 0.000 0.000 0.000 0.000 0.000 0.000 0.000 0.000 0.001 0.238 4.379 19.117 35.566 44.450 39.629 33.079 29.568 30.471 30.254 25.843 18.508 11.815 7.030 3.878 1.998 0.964 0.474 0.262 0.176 0.139 0.122 0.110 0.098 0.085 0.070 0.053 0.037 0.022 0.009 0.003 0.000 0.000 0.000 0.000 0.000 0.000 0.000 0.000 0.000 0.000 0.000 0.000 0.000 0.000 0.000 0.000 0.000 0.000 0.000 0.000 0.000 0.000
0.000 0.000 0.000 0.000 0.000 0.000 0.000 0.000 0.000 0.000 0.000 0.000 0.000 0.000 0.000 0.000 0.000 0.000 0.000 0.000 0.000 0.000 0.000 0.002 0.042 0.506 2.395 6.060 10.024 13.215 15.091 15.806 14.762 12.011 8.399 5.439 3.318 1.851 0.975 0.492 0.266 0.171 0.132 0.117 0.108 0.099 0.089 0.079 0.067 0.053 0.039 0.026 0.014 0.006 0.002 0.000 0.000 0.000 0.000 0.000 0.000 0.000 0.000 0.000 0.000 0.000 0.000 0.000 0.000 0.000 0.000 0.000 0.000 0.000 0.000 0.000
0.000 0.000 0.000 0.000 0.000 0.000 0.000 0.000 0.000 0.000 0.000 0.000 0.000 0.000 0.000 0.000 0.000 0.000 0.000 0.000 0.000 0.000 0.000 0.000 0.001 0.053 0.681 2.342 4.451 6.339 7.340 7.211 6.244 4.917 3.408 2.246 1.420 0.834 0.469 0.263 0.162 0.120 0.103 0.097 0.092 0.086 0.078 0.071 0.062 0.052 0.041 0.029 0.018 0.010 0.004 0.001 0.000 0.000 0.000 0.000 0.000 0.000 0.000 0.000 0.000 0.000 0.000 0.000 0.000 0.000 0.000 0.000 0.000 0.000 0.000 0.000
