DepositFiles/ESRI_ASCII/MZRun017.txt
NCOLS    90
NROWS    50
XLLCORNER         225.000
YLLCORNER          32.500
CELLSIZE           0.500          0.500
NODATA_VALUE  0.000
[rows 0 to 33 of 50, columns 0 to 75 of 90]
0.000 0.000 0.000 0.000 0.000 0.000 0.000 0.000 0.000 0.000 0.003 0.017 0.047 0.086 0.133 0.193 0.258 0.323 0.382 0.440 0.508 0.581 0.647 0.701 0.746 0.802 0.868 0.926 0.976 1.029 1.104 1.188 1.263 1.330 1.398 1.489 1.593 1.672 1.723 1.752 1.776 1.788 1.773 1.749 1.767 1.947 2.245 2.576 2.788 2.846 2.787 2.711 2.616 2.499 2.356 2.188 2.056 1.924 1.778 1.615 1.460 1.329 1.196 1.056 0.911 0.776 0.657 0.540 0.421 0.310 0.218 0.148 0.095 0.055 0.030 0.017
0.000 0.000 0.000 0.000 0.000 0.000 0.000 0.000 0.000 0.000 0.000 0.001 0.012 0.036 0.070 0.112 0.161 0.214 0.268 0.326 0.389 0.458 0.526 0.593 0.657 0.734 0.813 0.885 0.950 1.016 1.098 1.178 1.242 1.293 1.347 1.420 1.484 1.530 1.563 1.592 1.630 1.649 1.643 1.637 1.686 1.891 2.220 2.583 2.823 2.858 2.778 2.716 2.665 2.586 2.478 2.356 2.265 2.162 2.038 1.901 1.771 1.663 1.546 1.417 1.278 1.151 1.044 0.934 0.815 0.691 0.577 0.478 0.385 0.295 0.212 0.147
0.000 0.000 0.000 0.000 0.000 0.000 0.000 0.000 0.000 0.000 0.000 0.000 0.001 0.009 0.030 0.061 0.097 0.139 0.183 0.232 0.285 0.342 0.399 0.459 0.524 0.599 0.675 0.746 0.813 0.880 0.961 1.038 1.102 1.154 1.206 1.275 1.341 1.387 1.424 1.460 1.503 1.528 1.529 1.539 1.646 1.905 2.299 2.703 2.962 2.979 2.882 2.822 2.778 2.713 2.626 2.528 2.461 2.379 2.270 2.144 2.024 1.933 1.833 1.720 1.595 1.482 1.394 1.300 1.194 1.080 0.970 0.880 0.789 0.692 0.588 0.491
0.000 0.000 0.000 0.000 0.000 0.000 0.000 0.000 0.000 0.000 0.000 0.000 0.000 0.000 0.003 0.015 0.038 0.068 0.104 0.144 0.188 0.237 0.288 0.341 0.399 0.467 0.537 0.603 0.666 0.732 0.811 0.885 0.948 1.001 1.056 1.130 1.199 1.246 1.276 1.305 1.345 1.366 1.378 1.404 1.554 1.898 2.334 2.761 2.991 2.983 2.865 2.803 2.777 2.731 2.664 2.584 2.534 2.467 2.373 2.261 2.156 2.080 1.998 1.897 1.786 1.688 1.620 1.547 1.462 1.364 1.271 1.200 1.131 1.054 0.966 0.877
0.000 0.000 0.000 0.000 0.000 0.000 0.000 0.000 0.000 0.000 0.000 0.000 0.000 0.000 0.000 0.000 0.004 0.014 0.034 0.065 0.103 0.146 0.191 0.238 0.289 0.350 0.414 0.478 0.539 0.602 0.678 0.754 0.819 0.876 0.933 1.015 1.092 1.142 1.171 1.195 1.217 1.231 1.228 1.260 1.446 1.860 2.337 2.755 2.942 2.915 2.793 2.755 2.735 2.691 2.627 2.564 2.527 2.470 2.387 2.281 2.183 2.114 2.041 1.950 1.849 1.764 1.708 1.652 1.582 1.501 1.425 1.371 1.320 1.261 1.192 1.120
0.000 0.000 0.000 0.000 0.000 0.000 0.000 0.000 0.000 0.000 0.000 0.000 0.000 0.000 0.000 0.000 0.000 0.000 0.003 0.010 0.025 0.055 0.101 0.150 0.201 0.257 0.317 0.381 0.445 0.511 0.588 0.668 0.741 0.806 0.867 0.951 1.035 1.090 1.115 1.122 1.140 1.139 1.125 1.163 1.355 1.766 2.246 2.621 2.798 2.771 2.689 2.673 2.663 2.636 2.590 2.545 2.522 2.481 2.409 2.311 2.217 2.156 2.090 2.007 1.912 1.834 1.789 1.741 1.680 1.607 1.541 1.499 1.461 1.412 1.357 1.304
0.000 0.000 0.000 0.000 0.000 0.000 0.000 0.000 0.000 0.000 0.000 0.000 0.000 0.000 0.000 0.000 0.000 0.000 0.000 0.001 0.003 0.008 0.027 0.060 0.106 0.164 0.226 0.293 0.364 0.435 0.513 0.595 0.673 0.744 0.812 0.892 0.971 1.023 1.042 1.050 1.065 1.062 1.064 1.113 1.262 1.610 2.030 2.340 2.493 2.508 2.504 2.520 2.539 2.548 2.544 2.534 2.536 2.516 2.458 2.372 2.289 2.240 2.188 2.121 2.042 1.982 1.955 1.929 1.890 1.843 1.800 1.776 1.752 1.717 1.673 1.627
0.000 0.000 0.000 0.000 0.000 0.000 0.000 0.000 0.000 0.000 0.000 0.000 0.000 0.000 0.000 0.000 0.000 0.000 0.000 0.000 0.000 0.002 0.006 0.016 0.034 0.077 0.135 0.201 0.273 0.347 0.427 0.510 0.591 0.667 0.742 0.823 0.898 0.944 0.967 0.999 1.029 1.037 1.050 1.090 1.233 1.441 1.725 1.969 2.130 2.197 2.236 2.285 2.345 2.390 2.425 2.461 2.497 2.505 2.465 2.395 2.325 2.295 2.270 2.231 2.181 2.151 2.153 2.158 2.145 2.117 2.088 2.075 2.060 2.031 1.990 1.947
0.000 0.000 0.000 0.000 0.000 0.000 0.000 0.000 0.000 0.000 0.000 0.000 0.000 0.000 0.000 0.000 0.000 0.000 0.000 0.000 0.000 0.001 0.003 0.009 0.019 0.037 0.068 0.122 0.192 0.266 0.346 0.430 0.515 0.598 0.678 0.764 0.850 0.964 1.100 1.191 1.202 1.169 1.132 1.146 1.180 1.252 1.405 1.580 1.752 1.865 1.937 2.027 2.122 2.203 2.268 2.339 2.407 2.448 2.436 2.386 2.333 2.320 2.322 2.316 2.301 2.301 2.331 2.360 2.361 2.335 2.302 2.286 2.269 2.237 2.191 2.143
0.000 0.000 0.000 0.000 0.000 0.000 0.000 0.000 0.000 0.000 0.000 0.000 0.000 0.000 0.000 0.000 0.000 0.000 0.001 0.001 0.001 0.001 0.002 0.005 0.013 0.028 0.054 0.092 0.144 0.213 0.337 0.482 0.639 0.811 1.014 1.334 1.713 1.944 2.016 1.917 1.742 1.561 1.402 1.274 1.162 1.085 1.106 1.231 1.405 1.551 1.680 1.808 1.933 2.051 2.152 2.265 2.360 2.428 2.424 2.376 2.338 2.350 2.378 2.399 2.406 2.424 2.464 2.500 2.502 2.468 2.422 2.392 2.356 2.302 2.233 2.160
0.000 0.000 0.000 0.000 0.000 0.000 0.000 0.000 0.000 0.000 0.000 0.000 0.000 0.000 0.000 0.000 0.000 0.001 0.002 0.003 0.004 0.004 0.003 0.003 0.008 0.022 0.049 0.093 0.229 0.551 1.018 1.550 2.143 2.800 3.567 4.118 4.331 4.238 3.928 3.453 2.897 2.378 1.917 1.520 1.204 0.965 0.857 0.944 1.110 1.297 1.470 1.636 1.792 1.945 2.084 2.228 2.356 2.455 2.481 2.449 2.429 2.473 2.527 2.567 2.582 2.593 2.614 2.622 2.590 2.522 2.440 2.377 2.310 2.226 2.130 2.030
0.000 0.000 0.000 0.000 0.000 0.000 0.000 0.000 0.000 0.000 0.000 0.000 0.000 0.000 0.000 0.000 0.000 0.001 0.002 0.004 0.006 0.007 0.008 0.007 0.009 0.024 0.070 0.260 0.743 1.542 2.556 3.749 5.104 6.486 7.848 8.486 8.434 7.992 7.127 6.066 4.916 3.804 2.817 2.013 1.402 0.989 0.744 0.720 0.879 1.100 1.309 1.497 1.677 1.854 2.027 2.193 2.355 2.494 2.574 2.601 2.617 2.672 2.728 2.766 2.759 2.735 2.719 2.693 2.631 2.536 2.416 2.301 2.185 2.064 1.937 1.812
0.000 0.000 0.000 0.000 0.000 0.000 0.000 0.000 0.000 0.000 0.000 0.000 0.000 0.000 0.000 0.000 0.000 0.001 0.002 0.004 0.007 0.011 0.017 0.023 0.039 0.088 0.264 0.765 1.702 3.053 4.784 6.859 9.052 11.097 13.173 14.200 14.186 13.468 12.120 10.372 8.432 6.519 4.746 3.255 2.148 1.394 0.927 0.747 0.782 0.971 1.195 1.393 1.583 1.775 1.970 2.160 2.371 2.568 2.663 2.707 2.720 2.756 2.785 2.782 2.733 2.652 2.572 2.483 2.370 2.229 2.072 1.920 1.784 1.656 1.532 1.411
0.000 0.000 0.000 0.000 0.000 0.000 0.000 0.000 0.000 0.000 0.000 0.000 0.000 0.000 0.000 0.000 0.000 0.001 0.002 0.004 0.008 0.015 0.028 0.056 0.124 0.297 0.733 1.686 3.249 5.458 8.215 11.126 14.085 16.930 19.932 21.763 22.357 21.748 19.999 17.409 14.277 11.052 8.070 5.610 3.735 2.382 1.496 1.046 0.874 0.940 1.132 1.351 1.543 1.732 1.935 2.166 2.391 2.539 2.608 2.586 2.530 2.469 2.404 2.338 2.266 2.168 2.057 1.929 1.794 1.638 1.468 1.311 1.149 1.001 0.877 0.792
0.000 0.000 0.000 0.000 0.000 0.000 0.000 0.000 0.000 0.000 0.000 0.000 0.000 0.000 0.000 0.000 0.000 0.000 0.001 0.003 0.007 0.016 0.036 0.088 0.226 0.592 1.472 3.072 5.635 8.963 12.599 16.336 19.992 23.518 26.767 29.341 30.868 30.636 28.677 25.515 21.363 16.853 12.653 9.027 6.060 3.838 2.365 1.510 1.089 1.035 1.177 1.370 1.540 1.716 1.912 2.107 2.227 2.301 2.275 2.172 2.030 1.880 1.740 1.602 1.470 1.330 1.190 1.058 0.930 0.807 0.682 0.573 0.486 0.415 0.358 0.322
0.000 0.000 0.000 0.000 0.000 0.000 0.000 0.000 0.000 0.000 0.000 0.000 0.000 0.000 0.000 0.000 0.000 0.000 0.000 0.001 0.003 0.011 0.032 0.089 0.247 0.748 2.127 4.928 8.749 12.877 17.241 21.781 26.158 30.011 33.217 35.833 37.964 39.286 37.988 34.719 29.660 23.953 18.321 13.120 8.813 5.605 3.427 2.096 1.426 1.296 1.365 1.484 1.592 1.717 1.875 1.989 2.032 2.008 1.857 1.637 1.404 1.193 1.005 0.853 0.744 0.647 0.541 0.433 0.335 0.250 0.182 0.138 0.108 0.088 0.075 0.070
0.000 0.000 0.000 0.000 0.000 0.000 0.000 0.000 0.000 0.000 0.000 0.000 0.000 0.000 0.000 0.000 0.000 0.000 0.000 0.000 0.002 0.006 0.018 0.053 0.163 0.693 2.578 6.541 11.317 16.578 21.750 26.780 31.353 35.234 38.296 41.033 44.518 48.535 48.419 45.057 38.877 31.876 24.425 17.456 11.735 7.483 4.545 2.739 1.828 1.572 1.536 1.556 1.599 1.666 1.732 1.764 1.712 1.593 1.401 1.166 0.922 0.697 0.510 0.379 0.296 0.231 0.174 0.129 0.093 0.066 0.045 0.031 0.022 0.016 0.012 0.010
0.000 0.000 0.000 0.000 0.000 0.000 0.000 0.000 0.000 0.000 0.000 0.000 0.000 0.000 0.000 0.000 0.000 0.000 0.000 0.001 0.003 0.010 0.028 0.074 0.206 0.715 2.715 7.255 12.980 19.052 25.211 30.981 35.597 39.109 42.336 47.268 53.733 60.046 60.567 56.425 48.414 39.182 29.799 21.364 14.498 9.281 5.602 3.302 2.178 1.739 1.579 1.488 1.453 1.463 1.438 1.391 1.306 1.174 0.997 0.794 0.589 0.407 0.270 0.174 0.117 0.083 0.057 0.039 0.025 0.016 0.010 0.006 0.004 0.003 0.002 0.001
0.000 0.000 0.000 0.000 0.000 0.000 0.000 0.000 0.000 0.000 0.000 0.000 0.000 0.000 0.000 0.000 0.000 0.000 0.001 0.002 0.006 0.019 0.053 0.140 0.390 1.121 2.966 7.147 13.841 22.690 32.236 39.738 43.980 46.723 51.451 58.967 67.702 73.696 73.381 66.311 55.808 44.570 33.675 24.111 16.348 10.387 6.177 3.561 2.291 1.710 1.403 1.244 1.181 1.153 1.115 1.060 0.982 0.876 0.741 0.584 0.428 0.288 0.176 0.099 0.053 0.029 0.016 0.009 0.005 0.003 0.002 0.001 0.001 0.000 0.000 0.000
0.000 0.000 0.000 0.000 0.000 0.000 0.000 0.000 0.000 0.000 0.000 0.000 0.000 0.000 0.000 0.000 0.000 0.000 0.001 0.003 0.011 0.033 0.090 0.245 0.687 1.741 3.708 8.488 19.242 34.206 49.004 58.039 62.279 66.305 72.176 79.179 86.230 87.981 84.202 73.287 60.050 46.672 34.437 24.358 16.375 10.210 5.833 3.252 1.991 1.331 1.020 0.939 0.930 0.918 0.884 0.836 0.781 0.710 0.623 0.514 0.390 0.268 0.163 0.088 0.042 0.016 0.006 0.002 0.001 0.000 0.000 0.000 0.000 0.000 0.000 0.000
0.000 0.000 0.000 0.000 0.000 0.000 0.000 0.000 0.000 0.000 0.000 0.000 0.000 0.000 0.000 0.000 0.000 0.000 0.002 0.006 0.018 0.053 0.147 0.424 1.251 3.055 7.130 16.992 33.863 53.982 73.074 83.595 90.756 98.927 104.365 107.770 106.927 101.219 88.877 73.026 57.158 43.029 31.496 22.105 14.471 8.454 4.366 2.257 1.233 0.788 0.725 0.755 0.756 0.742 0.715 0.685 0.657 0.624 0.571 0.492 0.394 0.289 0.190 0.111 0.057 0.025 0.009 0.002 0.000 0.000 0.000 0.000 0.000 0.000 0.000 0.000
0.000 0.000 0.000 0.000 0.000 0.000 0.000 0.000 0.000 0.000 0.000 0.000 0.000 0.000 0.000 0.000 0.000 0.001 0.003 0.009 0.027 0.076 0.219 0.674 2.009 5.402 14.291 30.960 51.209 73.384 96.633 112.056 125.780 137.443 139.389 134.344 121.943 102.593 82.937 65.174 49.883 37.239 26.786 17.843 10.683 5.373 2.448 1.074 0.562 0.546 0.598 0.625 0.618 0.605 0.591 0.580 0.569 0.552 0.518 0.462 0.387 0.300 0.212 0.135 0.078 0.040 0.018 0.007 0.002 0.001 0.000 0.000 0.000 0.000 0.000 0.000
0.000 0.000 0.000 0.000 0.000 0.000 0.000 0.000 0.000 0.000 0.000 0.000 0.000 0.000 0.000 0.000 0.000 0.001 0.003 0.011 0.032 0.088 0.248 0.761 2.360 7.349 21.429 41.769 63.308 89.996 120.741 142.762 162.118 173.725 166.656 146.984 119.469 90.424 69.720 53.749 40.473 29.721 20.262 12.380 6.163 2.301 0.759 0.323 0.393 0.464 0.506 0.519 0.513 0.506 0.501 0.496 0.492 0.485 0.464 0.425 0.369 0.300 0.226 0.156 0.099 0.058 0.031 0.015 0.007 0.003 0.001 0.000 0.000 0.000 0.000 0.000
0.000 0.000 0.000 0.000 0.000 0.000 0.000 0.000 0.000 0.000 0.000 0.000 0.000 0.000 0.000 0.000 0.000 0.001 0.004 0.012 0.033 0.091 0.248 0.690 2.110 8.164 25.744 48.220 74.873 111.022 150.535 173.317 193.047 191.873 168.528 136.242 99.220 68.484 51.292 39.517 29.468 20.602 12.843 6.423 1.967 0.382 0.191 0.270 0.346 0.401 0.431 0.440 0.438 0.434 0.432 0.430 0.430 0.429 0.420 0.396 0.356 0.302 0.240 0.177 0.121 0.077 0.047 0.027 0.014 0.007 0.003 0.001 0.001 0.000 0.000 0.000
0.000 0.000 0.000 0.000 0.000 0.000 0.000 0.000 0.000 0.000 0.000 0.000 0.000 0.000 0.000 0.000 0.000 0.001 0.003 0.009 0.025 0.066 0.196 0.720 3.630 19.104 69.200 134.093 177.996 214.091 221.778 205.051 204.270 184.286 150.167 110.254 72.632 46.430 35.021 26.481 18.715 11.670 5.730 1.832 0.244 0.112 0.174 0.247 0.310 0.353 0.377 0.385 0.384 0.380 0.377 0.374 0.377 0.382 0.383 0.372 0.349 0.311 0.261 0.204 0.149 0.103 0.067 0.043 0.027 0.016 0.009 0.005 0.003 0.002 0.002 0.002
0.000 0.000 0.000 0.000 0.000 0.000 0.000 0.000 0.000 0.000 0.000 0.000 0.000 0.000 0.000 0.000 0.000 0.000 0.002 0.005 0.014 0.039 0.216 2.424 20.876 79.776 230.277 374.018 424.327 421.841 327.137 225.084 194.099 159.291 117.963 80.004 47.446 31.798 24.434 17.668 11.364 5.633 1.886 0.281 0.077 0.109 0.167 0.227 0.279 0.315 0.335 0.344 0.342 0.337 0.332 0.329 0.332 0.340 0.346 0.344 0.335 0.313 0.279 0.233 0.183 0.134 0.095 0.066 0.045 0.030 0.020 0.014 0.010 0.007 0.007 0.008
0.000 0.000 0.000 0.000 0.000 0.000 0.000 0.000 0.000 0.000 0.000 0.000 0.000 0.000 0.000 0.000 0.000 0.000 0.001 0.002 0.006 0.019 0.336 10.274 96.527 358.416 772.919 979.669 898.966 626.169 361.599 203.245 161.034 121.764 84.674 52.753 32.249 24.404 17.882 11.445 5.603 2.065 0.510 0.099 0.071 0.106 0.155 0.205 0.249 0.281 0.301 0.309 0.307 0.301 0.295 0.292 0.295 0.302 0.310 0.312 0.308 0.298 0.279 0.247 0.207 0.163 0.123 0.091 0.067 0.049 0.037 0.028 0.022 0.018 0.018 0.019
0.000 0.000 0.000 0.000 0.000 0.000 0.000 0.000 0.000 0.000 0.000 0.000 0.000 0.000 0.000 0.000 0.000 0.000 0.000 0.001 0.002 0.008 0.446 22.844 181.673 897.821 1699.364 1816.544 1297.864 661.156 309.490 142.057 111.681 85.203 57.635 35.327 24.588 17.971 11.429 5.866 2.483 0.868 0.205 0.067 0.065 0.097 0.139 0.180 0.217 0.247 0.268 0.277 0.277 0.272 0.266 0.263 0.266 0.272 0.280 0.284 0.283 0.277 0.266 0.247 0.218 0.183 0.148 0.116 0.090 0.071 0.056 0.045 0.039 0.036 0.036 0.038
0.000 0.000 0.000 0.000 0.000 0.000 0.000 0.000 0.000 0.000 0.000 0.000 0.000 0.000 0.000 0.000 0.000 0.000 0.000 0.000 0.000 0.003 0.399 26.348 204.715 1187.010 2152.879 2122.868 1315.916 531.612 202.003 84.191 70.034 54.513 36.566 23.523 16.991 11.070 6.120 3.061 1.293 0.419 0.107 0.051 0.057 0.086 0.121 0.155 0.185 0.214 0.236 0.248 0.250 0.247 0.242 0.239 0.241 0.248 0.256 0.262 0.264 0.263 0.257 0.244 0.224 0.198 0.169 0.142 0.117 0.097 0.082 0.071 0.066 0.064 0.064 0.065
0.000 0.000 0.000 0.000 0.000 0.000 0.000 0.000 0.000 0.000 0.000 0.000 0.000 0.000 0.000 0.000 0.000 0.000 0.000 0.000 0.000 0.001 0.185 19.666 184.833 1052.084 1733.648 1578.173 803.852 269.379 97.707 53.300 45.752 33.535 21.436 14.998 10.101 6.105 3.430 1.654 0.666 0.213 0.067 0.042 0.052 0.076 0.103 0.130 0.157 0.184 0.207 0.220 0.224 0.223 0.220 0.217 0.219 0.225 0.233 0.242 0.249 0.253 0.253 0.247 0.235 0.216 0.195 0.173 0.153 0.136 0.123 0.114 0.110 0.107 0.104 0.101
0.000 0.000 0.000 0.000 0.000 0.000 0.000 0.000 0.000 0.000 0.000 0.000 0.000 0.000 0.000 0.000 0.000 0.000 0.000 0.000 0.000 0.000 0.025 4.949 138.548 266.156 384.636 390.168 248.582 95.221 44.789 32.979 27.080 18.206 12.279 8.561 5.627 3.447 1.869 0.869 0.338 0.111 0.044 0.034 0.046 0.067 0.089 0.112 0.137 0.161 0.183 0.196 0.203 0.204 0.201 0.199 0.200 0.205 0.213 0.222 0.233 0.245 0.254 0.257 0.253 0.243 0.230 0.215 0.201 0.188 0.178 0.171 0.165 0.158 0.148 0.137
0.000 0.000 0.000 0.000 0.000 0.000 0.000 0.000 0.000 0.000 0.000 0.000 0.000 0.000 0.000 0.000 0.000 0.000 0.000 0.000 0.000 0.000 0.002 0.433 7.637 36.428 64.376 68.877 45.134 24.717 17.309 15.182 12.525 9.183 6.500 4.570 3.052 1.845 0.969 0.429 0.163 0.058 0.029 0.028 0.041 0.059 0.078 0.098 0.121 0.144 0.164 0.179 0.186 0.189 0.189 0.187 0.187 0.190 0.195 0.202 0.213 0.226 0.241 0.254 0.261 0.261 0.257 0.252 0.245 0.236 0.227 0.216 0.204 0.189 0.173 0.155
0.000 0.000 0.000 0.000 0.000 0.000 0.000 0.000 0.000 0.000 0.000 0.000 0.000 0.000 0.000 0.000 0.000 0.000 0.000 0.000 0.000 0.000 0.000 0.002 0.047 0.412 1.434 3.268 5.036 6.223 6.730 6.593 5.793 4.480 3.177 2.225 1.476 0.857 0.431 0.187 0.074 0.029 0.018 0.021 0.033 0.049 0.065 0.083 0.104 0.126 0.145 0.161 0.171 0.177 0.179 0.179 0.179 0.179 0.182 0.187 0.194 0.205 0.219 0.233 0.247 0.256 0.258 0.257 0.253 0.246 0.238 0.226 0.210 0.191 0.171 0.150
0.000 0.000 0.000 0.000 0.000 0.000 0.000 0.000 0.000 0.000 0.000 0.000 0.000 0.000 0.000 0.000 0.000 0.000 0.000 0.000 0.000 0.000 0.000 0.000 0.001 0.010 0.154 0.795 1.762 2.660 3.116 3.058 2.588 1.961 1.348 0.915 0.600 0.352 0.184 0.081 0.032 0.014 0.010 0.014 0.023 0.036 0.051 0.067 0.086 0.106 0.124 0.140 0.153 0.162 0.169 0.172 0.173 0.174 0.176 0.178 0.182 0.190 0.201 0.213 0.225 0.235 0.241 0.243 0.241 0.237 0.229 0.216 0.200 0.180 0.159 0.137
