DepositFiles/ESRI_ASCII/MZRun016.txt
NCOLS    90
NROWS    50
XLLCORNER         225.000
YLLCORNER          32.500
CELLSIZE           0.500          0.500
NODATA_VALUE  0.000
[rows 0 to 33 of 50, columns 0 to 75 of 90]
0.000 0.000 0.000 0.000 0.000 0.000 0.000 0.000 0.000 0.000 0.000 0.000 0.000 0.001 0.001 0.002 0.004 0.008 0.020 0.046 0.089 0.141 0.202 0.272 0.347 0.427 0.513 0.604 0.702 0.802 0.903 1.010 1.125 1.250 1.380 1.512 1.648 1.791 1.943 2.095 2.238 2.373 2.504 2.629 2.738 2.825 2.888 2.931 2.953 2.950 2.919 2.866 2.794 2.705 2.600 2.482 2.361 2.240 2.118 1.991 1.866 1.750 1.642 1.536 1.431 1.328 1.237 1.153 1.071 0.987 0.904 0.831 0.765 0.701 0.639 0.581
0.000 0.000 0.000 0.000 0.000 0.000 0.000 0.000 0.000 0.000 0.000 0.001 0.001 0.002 0.003 0.005 0.008 0.016 0.038 0.081 0.137 0.202 0.278 0.364 0.458 0.555 0.657 0.766 0.882 1.002 1.122 1.246 1.377 1.520 1.670 1.820 1.971 2.130 2.297 2.465 2.623 2.771 2.909 3.036 3.145 3.224 3.275 3.298 3.296 3.269 3.214 3.133 3.033 2.917 2.785 2.644 2.503 2.364 2.225 2.083 1.944 1.817 1.700 1.587 1.475 1.368 1.274 1.192 1.114 1.038 0.964 0.901 0.846 0.794 0.741 0.690
0.000 0.000 0.000 0.000 0.000 0.000 0.000 0.000 0.000 0.001 0.001 0.002 0.003 0.005 0.007 0.010 0.017 0.035 0.077 0.138 0.211 0.296 0.392 0.501 0.617 0.736 0.860 0.991 1.130 1.275 1.420 1.569 1.726 1.897 2.076 2.256 2.435 2.620 2.811 3.001 3.179 3.340 3.484 3.610 3.710 3.775 3.804 3.802 3.774 3.717 3.630 3.516 3.384 3.236 3.073 2.903 2.736 2.574 2.412 2.248 2.089 1.944 1.812 1.685 1.560 1.441 1.337 1.247 1.162 1.080 1.002 0.936 0.879 0.828 0.777 0.727
0.000 0.000 0.000 0.000 0.000 0.000 0.000 0.001 0.001 0.002 0.003 0.004 0.006 0.009 0.012 0.019 0.033 0.070 0.133 0.215 0.310 0.416 0.537 0.671 0.813 0.958 1.106 1.261 1.428 1.602 1.777 1.955 2.142 2.343 2.555 2.768 2.978 3.190 3.403 3.612 3.805 3.975 4.117 4.229 4.307 4.347 4.348 4.316 4.254 4.160 4.035 3.886 3.718 3.535 3.338 3.137 2.944 2.756 2.571 2.386 2.206 2.044 1.896 1.756 1.619 1.490 1.378 1.281 1.191 1.104 1.022 0.953 0.895 0.842 0.789 0.739
0.000 0.000 0.000 0.000 0.000 0.000 0.001 0.001 0.002 0.003 0.005 0.007 0.010 0.014 0.020 0.034 0.066 0.126 0.210 0.316 0.436 0.568 0.714 0.877 1.050 1.223 1.400 1.584 1.782 1.990 2.200 2.413 2.634 2.871 3.118 3.368 3.611 3.850 4.082 4.305 4.509 4.677 4.802 4.886 4.932 4.941 4.910 4.842 4.739 4.602 4.433 4.242 4.035 3.815 3.585 3.353 3.132 2.921 2.714 2.507 2.308 2.129 1.968 1.816 1.670 1.531 1.413 1.311 1.218 1.130 1.047 0.977 0.918 0.864 0.811 0.758
0.000 0.000 0.000 0.000 0.000 0.001 0.001 0.002 0.003 0.005 0.007 0.010 0.015 0.022 0.036 0.067 0.121 0.203 0.312 0.447 0.595 0.755 0.932 1.128 1.336 1.545 1.755 1.974 2.210 2.459 2.711 2.965 3.227 3.504 3.793 4.082 4.360 4.624 4.874 5.106 5.310 5.461 5.557 5.605 5.613 5.586 5.516 5.406 5.256 5.068 4.851 4.616 4.369 4.113 3.849 3.585 3.336 3.099 2.868 2.640 2.422 2.227 2.053 1.891 1.735 1.589 1.465 1.359 1.266 1.177 1.094 1.023 0.963 0.908 0.854 0.799
0.000 0.000 0.000 0.000 0.001 0.001 0.002 0.003 0.005 0.007 0.010 0.015 0.022 0.038 0.069 0.121 0.198 0.305 0.442 0.609 0.791 0.984 1.196 1.430 1.679 1.929 2.178 2.439 2.719 3.016 3.319 3.621 3.930 4.254 4.588 4.920 5.233 5.521 5.783 6.016 6.207 6.331 6.391 6.398 6.365 6.297 6.186 6.029 5.829 5.588 5.320 5.041 4.755 4.464 4.165 3.870 3.592 3.329 3.075 2.827 2.590 2.379 2.191 2.019 1.857 1.707 1.582 1.477 1.387 1.301 1.220 1.147 1.084 1.025 0.967 0.907
0.000 0.000 0.000 0.001 0.001 0.002 0.003 0.004 0.006 0.009 0.014 0.022 0.039 0.071 0.122 0.198 0.300 0.435 0.604 0.807 1.026 1.256 1.506 1.784 2.079 2.375 2.671 2.979 3.311 3.664 4.023 4.381 4.746 5.120 5.501 5.875 6.220 6.528 6.797 7.019 7.184 7.270 7.291 7.255 7.178 7.068 6.912 6.707 6.451 6.151 5.833 5.513 5.190 4.863 4.530 4.203 3.897 3.610 3.338 3.076 2.831 2.617 2.432 2.267 2.114 1.969 1.844 1.737 1.639 1.544 1.450 1.362 1.283 1.208 1.136 1.063
0.000 0.000 0.000 0.001 0.001 0.002 0.003 0.005 0.008 0.012 0.022 0.040 0.072 0.122 0.196 0.297 0.427 0.592 0.796 1.040 1.299 1.570 1.864 2.189 2.536 2.885 3.233 3.598 3.989 4.406 4.831 5.253 5.679 6.107 6.535 6.947 7.321 7.643 7.902 8.096 8.211 8.258 8.240 8.162 8.039 7.879 7.672 7.409 7.090 6.733 6.372 6.019 5.667 5.313 4.957 4.613 4.295 4.005 3.733 3.473 3.227 3.004 2.801 2.616 2.442 2.278 2.132 2.003 1.884 1.770 1.657 1.551 1.453 1.362 1.274 1.189
0.000 0.000 0.000 0.001 0.001 0.002 0.004 0.006 0.011 0.021 0.041 0.073 0.122 0.191 0.288 0.416 0.576 0.774 1.016 1.302 1.605 1.919 2.261 2.638 3.044 3.454 3.865 4.296 4.760 5.252 5.755 6.253 6.747 7.233 7.707 8.155 8.550 8.870 9.100 9.239 9.314 9.325 9.269 9.145 8.966 8.746 8.477 8.149 7.769 7.371 6.981 6.606 6.239 5.873 5.514 5.165 4.837 4.527 4.219 3.919 3.630 3.363 3.121 2.902 2.701 2.512 2.337 2.179 2.033 1.896 1.763 1.638 1.524 1.420 1.321 1.228
0.000 0.000 0.000 0.001 0.001 0.003 0.005 0.010 0.020 0.041 0.074 0.121 0.186 0.276 0.398 0.557 0.749 0.984 1.267 1.600 1.952 2.316 2.714 3.153 3.630 4.115 4.604 5.120 5.673 6.257 6.851 7.435 8.006 8.554 9.074 9.551 9.955 10.262 10.444 10.537 10.573 10.546 10.448 10.269 10.025 9.735 9.399 9.005 8.584 8.161 7.752 7.365 6.981 6.592 6.198 5.793 5.399 5.013 4.639 4.278 3.928 3.601 3.305 3.040 2.798 2.572 2.365 2.179 2.012 1.858 1.714 1.581 1.461 1.352 1.252 1.160
0.000 0.000 0.000 0.001 0.002 0.004 0.010 0.021 0.041 0.074 0.120 0.182 0.265 0.379 0.533 0.727 0.956 1.233 1.564 1.952 2.364 2.790 3.257 3.774 4.339 4.919 5.507 6.129 6.792 7.486 8.185 8.865 9.515 10.126 10.689 11.187 11.595 11.864 12.001 12.058 12.055 11.990 11.846 11.599 11.281 10.919 10.515 10.079 9.640 9.199 8.763 8.323 7.849 7.357 6.856 6.358 5.865 5.375 4.897 4.438 4.005 3.612 3.266 2.961 2.688 2.439 2.213 2.012 1.833 1.671 1.522 1.387 1.267 1.159 1.063 0.977
0.000 0.000 0.001 0.002 0.004 0.010 0.022 0.041 0.071 0.115 0.175 0.254 0.360 0.502 0.692 0.925 1.196 1.523 1.909 2.364 2.846 3.347 3.901 4.516 5.189 5.886 6.596 7.346 8.137 8.955 9.768 10.548 11.283 11.954 12.555 13.067 13.464 13.680 13.798 13.818 13.775 13.673 13.463 13.143 12.749 12.318 11.869 11.402 10.911 10.369 9.811 9.228 8.611 7.969 7.313 6.656 6.014 5.399 4.822 4.291 3.811 3.387 3.012 2.683 2.391 2.127 1.889 1.675 1.486 1.318 1.171 1.043 0.934 0.839 0.759 0.691
0.000 0.000 0.001 0.004 0.010 0.021 0.039 0.066 0.106 0.163 0.239 0.337 0.469 0.643 0.870 1.146 1.464 1.847 2.297 2.828 3.392 3.985 4.643 5.375 6.179 7.016 7.872 8.773 9.712 10.669 11.606 12.492 13.308 14.038 14.669 15.189 15.540 15.763 15.857 15.836 15.757 15.598 15.301 14.910 14.427 13.931 13.385 12.790 12.134 11.422 10.666 9.865 9.026 8.177 7.344 6.548 5.796 5.095 4.455 3.878 3.369 2.918 2.519 2.169 1.864 1.598 1.367 1.171 1.004 0.864 0.746 0.649 0.568 0.500 0.444 0.398
0.000 0.001 0.003 0.008 0.019 0.035 0.059 0.095 0.145 0.216 0.309 0.429 0.587 0.793 1.060 1.382 1.752 2.197 2.718 3.334 3.992 4.696 5.483 6.359 7.323 8.330 9.364 10.445 11.555 12.669 13.743 14.741 15.645 16.433 17.099 17.617 17.995 18.209 18.264 18.205 18.064 17.798 17.413 16.903 16.255 15.581 14.854 14.025 13.085 12.080 11.056 10.013 8.961 7.939 6.977 6.082 5.238 4.451 3.739 3.122 2.600 2.154 1.779 1.465 1.204 0.988 0.809 0.661 0.542 0.445 0.367 0.306 0.258 0.220 0.190 0.168
0.000 0.001 0.005 0.014 0.028 0.051 0.082 0.127 0.188 0.274 0.386 0.530 0.715 0.956 1.265 1.636 2.063 2.574 3.175 3.891 4.666 5.513 6.464 7.527 8.696 9.921 11.180 12.483 13.802 15.104 16.337 17.468 18.477 19.368 20.115 20.668 21.029 21.198 21.206 21.066 20.792 20.399 19.781 18.987 18.086 17.086 15.987 14.780 13.505 12.200 10.911 9.651 8.429 7.264 6.161 5.131 4.191 3.360 2.667 2.117 1.676 1.317 1.027 0.793 0.607 0.460 0.346 0.260 0.196 0.150 0.118 0.095 0.078 0.065 0.056 0.049
0.000 0.002 0.007 0.019 0.039 0.067 0.106 0.161 0.235 0.338 0.470 0.637 0.851 1.128 1.480 1.902 2.390 2.977 3.677 4.518 5.444 6.481 7.641 8.948 10.386 11.895 13.441 15.022 16.599 18.131 19.562 20.868 22.088 23.205 23.995 24.510 24.806 24.912 24.829 24.554 24.007 23.230 22.196 20.935 19.542 18.090 16.572 14.971 13.344 11.750 10.227 8.753 7.322 5.979 4.774 3.733 2.852 2.138 1.594 1.180 0.863 0.617 0.432 0.299 0.207 0.146 0.105 0.077 0.058 0.045 0.035 0.029 0.023 0.019 0.016 0.014
0.000 0.003 0.010 0.025 0.049 0.084 0.131 0.195 0.281 0.399 0.550 0.739 0.980 1.290 1.684 2.160 2.719 3.397 4.217 5.205 6.314 7.580 8.996 10.612 12.385 14.244 16.141 18.059 19.951 21.775 23.487 25.166 26.844 28.025 28.736 29.170 29.429 29.525 29.200 28.419 27.271 25.785 24.065 22.220 20.333 18.404 16.432 14.432 12.472 10.600 8.813 7.124 5.605 4.285 3.180 2.290 1.600 1.097 0.736 0.485 0.319 0.212 0.144 0.101 0.074 0.056 0.044 0.036 0.029 0.025 0.021 0.018 0.016 0.014 0.012 0.010
0.000 0.003 0.012 0.030 0.059 0.099 0.153 0.225 0.322 0.452 0.618 0.827 1.092 1.435 1.872 2.408 3.045 3.823 4.775 5.923 7.244 8.769 10.483 12.473 14.640 16.915 19.240 21.577 23.883 26.154 28.513 30.990 32.779 33.849 34.583 35.178 35.389 34.882 33.712 31.914 29.742 27.442 25.072 22.658 20.201 17.746 15.338 12.982 10.693 8.591 6.740 5.121 3.736 2.600 1.722 1.093 0.683 0.425 0.271 0.181 0.129 0.096 0.075 0.060 0.050 0.042 0.035 0.030 0.026 0.022 0.019 0.017 0.015 0.013 0.011 0.010
0.001 0.004 0.013 0.034 0.066 0.111 0.170 0.248 0.352 0.493 0.673 0.900 1.191 1.569 2.053 2.653 3.374 4.262 5.358 6.683 8.241 10.050 12.108 14.533 17.135 19.914 22.785 25.718 28.760 32.240 35.906 38.606 40.345 41.973 42.946 42.982 41.976 40.044 37.315 34.230 31.174 28.089 24.966 21.845 18.877 15.996 13.173 10.571 8.264 6.269 4.576 3.162 2.040 1.227 0.715 0.438 0.286 0.200 0.149 0.117 0.095 0.078 0.065 0.055 0.046 0.039 0.034 0.029 0.025 0.022 0.019 0.017 0.015 0.013 0.012 0.010
0.001 0.004 0.014 0.037 0.071 0.119 0.182 0.266 0.378 0.529 0.725 0.974 1.294 1.710 2.245 2.917 3.731 4.744 6.001 7.526 9.350 11.470 13.929 16.833 19.933 23.380 27.130 31.544 36.974 42.372 46.577 49.842 52.864 54.197 53.488 51.511 48.139 43.952 39.631 35.468 31.273 27.220 23.431 19.827 16.342 13.183 10.369 7.899 5.782 4.009 2.604 1.568 0.899 0.528 0.353 0.259 0.202 0.161 0.129 0.105 0.087 0.073 0.061 0.052 0.044 0.037 0.032 0.028 0.024 0.021 0.018 0.016 0.014 0.013 0.011 0.010
0.001 0.004 0.015 0.038 0.074 0.125 0.191 0.281 0.401 0.564 0.777 1.048 1.398 1.856 2.447 3.197 4.114 5.267 6.702 8.454 10.563 13.016 15.937 19.360 23.127 28.085 34.922 43.179 51.522 59.179 65.724 69.720 70.851 69.172 65.238 59.298 52.748 46.496 40.504 34.895 29.757 25.115 20.673 16.714 13.233 10.199 7.572 5.342 3.529 2.172 1.273 0.750 0.489 0.361 0.279 0.221 0.178 0.144 0.117 0.096 0.080 0.067 0.057 0.048 0.041 0.035 0.030 0.026 0.023 0.020 0.017 0.015 0.014 0.012 0.011 0.010
0.001 0.004 0.015 0.038 0.075 0.127 0.197 0.290 0.417 0.589 0.817 1.106 1.485 1.981 2.629 3.459 4.483 5.783 7.399 9.390 11.787 14.617 18.094 22.351 28.296 38.160 50.774 64.580 79.681 90.636 96.637 97.278 93.448 85.568 75.345 64.881 55.272 46.572 39.055 32.671 26.844 21.652 17.230 13.430 10.140 7.343 5.022 3.224 1.942 1.171 0.734 0.524 0.396 0.307 0.242 0.194 0.158 0.129 0.106 0.087 0.072 0.061 0.052 0.044 0.038 0.032 0.028 0.024 0.021 0.018 0.016 0.014 0.013 0.011 0.010 0.009
0.001 0.004 0.014 0.037 0.074 0.126 0.196 0.292 0.422 0.598 0.834 1.135 1.535 2.063 2.764 3.667 4.798 6.246 8.054 10.324 13.111 16.644 21.420 28.077 39.252 57.380 81.007 108.625 131.468 141.844 142.844 133.563 117.411 99.120 82.001 66.774 54.009 43.970 35.701 28.460 22.653 17.861 13.742 10.202 7.229 4.847 3.077 1.910 1.198 0.803 0.579 0.438 0.341 0.268 0.213 0.172 0.141 0.116 0.095 0.079 0.066 0.056 0.048 0.041 0.035 0.030 0.026 0.023 0.020 0.017 0.015 0.013 0.012 0.011 0.010 0.009
0.001 0.004 0.013 0.035 0.070 0.120 0.189 0.283 0.412 0.589 0.828 1.134 1.546 2.092 2.830 3.787 5.016 6.604 8.625 11.235 14.624 19.417 26.654 38.251 59.989 96.970 149.686 202.404 227.072 225.229 205.820 171.235 136.551 107.248 82.740 63.670 49.859 38.762 30.057 23.712 18.579 14.144 10.370 7.259 4.841 3.120 2.003 1.320 0.906 0.650 0.487 0.378 0.297 0.235 0.189 0.154 0.126 0.105 0.087 0.072 0.061 0.051 0.044 0.038 0.032 0.028 0.024 0.021 0.018 0.016 0.014 0.013 0.011 0.010 0.009 0.008
0.000 0.003 0.011 0.030 0.061 0.107 0.171 0.259 0.382 0.551 0.782 1.082 1.493 2.046 2.805 3.799 5.099 6.797 9.013 11.982 16.161 22.853 34.711 58.285 111.699 210.066 341.126 413.934 410.745 356.503 275.868 200.275 146.724 106.187 76.567 57.115 42.264 31.524 24.664 19.280 14.582 10.613 7.415 5.005 3.318 2.201 1.490 1.032 0.737 0.545 0.417 0.327 0.260 0.208 0.168 0.137 0.113 0.094 0.079 0.066 0.056 0.047 0.040 0.035 0.030 0.026 0.023 0.020 0.017 0.015 0.013 0.012 0.011 0.010 0.009 0.008
0.000 0.002 0.008 0.023 0.049 0.089 0.145 0.224 0.335 0.490 0.705 0.989 1.383 1.919 2.667 3.661 4.983 6.728 9.058 12.311 17.316 26.614 48.049 109.857 246.309 471.160 686.047 738.518 663.527 496.516 328.749 211.208 142.174 94.786 66.601 46.923 33.293 25.472 19.834 15.013 10.919 7.671 5.272 3.593 2.444 1.674 1.162 0.825 0.605 0.458 0.356 0.282 0.225 0.181 0.147 0.120 0.100 0.083 0.070 0.059 0.050 0.042 0.036 0.031 0.027 0.023 0.020 0.018 0.016 0.014 0.012 0.011 0.010 0.009 0.008 0.007
0.000 0.001 0.006 0.017 0.038 0.070 0.117 0.185 0.282 0.419 0.611 0.868 1.228 1.723 2.417 3.343 4.597 6.274 8.575 11.886 17.349 28.868 62.469 184.838 388.231 780.149 1054.391 1055.526 868.314 585.746 337.515 196.783 121.983 77.834 52.611 35.545 26.074 20.155 15.313 11.242 7.975 5.566 3.873 2.694 1.870 1.303 0.921 0.669 0.500 0.384 0.301 0.240 0.193 0.156 0.127 0.104 0.086 0.072 0.060 0.051 0.043 0.037 0.032 0.027 0.023 0.020 0.018 0.016 0.014 0.012 0.011 0.009 0.008 0.007 0.007 0.006
0.000 0.001 0.004 0.011 0.027 0.052 0.090 0.146 0.227 0.343 0.507 0.729 1.042 1.476 2.083 2.893 3.994 5.472 7.525 10.557 15.798 27.624 65.987 218.793 427.570 1041.344 1285.947 1190.761 902.592 556.815 288.846 153.371 88.493 57.173 37.732 26.323 20.061 15.292 11.377 8.235 5.854 4.153 2.952 2.091 1.473 1.037 0.743 0.547 0.414 0.320 0.253 0.203 0.164 0.133 0.109 0.090 0.074 0.062 0.052 0.044 0.038 0.032 0.027 0.024 0.020 0.018 0.015 0.013 0.012 0.010 0.009 0.008 0.007 0.006 0.006 0.005
0.000 0.001 0.002 0.007 0.018 0.036 0.066 0.110 0.174 0.268 0.401 0.584 0.842 1.201 1.700 2.365 3.264 4.475 6.148 8.572 12.733 21.955 53.061 179.548 388.478 1086.045 1237.522 1043.993 692.793 371.431 173.386 93.315 57.677 38.217 26.003 19.390 14.872 11.236 8.351 6.115 4.434 3.210 2.319 1.658 1.175 0.830 0.600 0.446 0.340 0.265 0.210 0.169 0.138 0.113 0.092 0.076 0.063 0.053 0.045 0.038 0.032 0.027 0.024 0.020 0.018 0.015 0.013 0.012 0.010 0.009 0.008 0.007 0.006 0.005 0.005 0.004
0.000 0.000 0.001 0.004 0.010 0.023 0.044 0.076 0.125 0.197 0.298 0.440 0.639 0.917 1.300 1.809 2.497 3.426 4.687 6.429 9.151 14.167 27.176 74.187 257.679 382.395 456.551 438.777 314.423 165.644 86.306 52.461 35.274 24.488 18.177 14.113 10.893 8.324 6.307 4.717 3.481 2.551 1.853 1.328 0.940 0.667 0.485 0.362 0.277 0.216 0.172 0.139 0.113 0.093 0.076 0.063 0.053 0.044 0.037 0.031 0.027 0.023 0.020 0.017 0.015 0.013 0.011 0.009 0.008 0.007 0.006 0.006 0.005 0.004 0.004 0.003
0.000 0.000 0.000 0.002 0.005 0.013 0.027 0.049 0.084 0.135 0.209 0.313 0.458 0.660 0.937 1.306 1.806 2.488 3.404 4.670 6.468 9.449 15.060 30.943 78.469 164.586 219.012 202.202 135.764 75.767 46.436 31.395 22.328 16.785 13.209 10.410 8.116 6.285 4.821 3.639 2.701 1.986 1.444 1.035 0.735 0.525 0.384 0.287 0.220 0.171 0.136 0.109 0.089 0.073 0.060 0.050 0.042 0.035 0.029 0.025 0.021 0.018 0.015 0.013 0.011 0.010 0.008 0.007 0.006 0.005 0.005 0.004 0.003 0.003 0.003 0.002
0.000 0.000 0.000 0.001 0.002 0.006 0.014 0.029 0.052 0.087 0.139 0.212 0.315 0.459 0.656 0.920 1.282 1.769 2.449 3.343 4.631 6.468 9.477 14.757 25.031 42.130 54.269 54.437 45.450 34.067 25.421 19.400 15.104 12.053 9.695 7.666 6.004 4.676 3.607 2.739 2.043 1.506 1.096 0.787 0.561 0.403 0.296 0.221 0.169 0.131 0.103 0.083 0.067 0.055 0.045 0.038 0.031 0.026 0.022 0.018 0.016 0.013 0.011 0.009 0.008 0.007 0.006 0.005 0.004 0.004 0.003 0.003 0.002 0.002 0.002 0.001
0.000 0.000 0.000 0.000 0.001 0.003 0.007 0.015 0.030 0.053 0.087 0.136 0.205 0.303 0.435 0.617 0.854 1.195 1.642 2.281 3.150 4.419 6.245 8.837 12.469 16.870 20.257 21.580 20.815 18.504 15.632 12.939 10.620 8.694 7.032 5.583 4.398 3.448 2.678 2.044 1.530 1.128 0.820 0.588 0.420 0.302 0.221 0.165 0.126 0.097 0.076 0.060 0.049 0.040 0.033 0.027 0.022 0.019 0.015 0.013 0.011 0.009 0.008 0.006 0.005 0.005 0.004 0.003 0.003 0.002 0.002 0.002 0.001 0.001 0.001 0.001
