DepositFiles/ESRI_ASCII/MZRun040.txt
NCOLS    90
NROWS    50
XLLCORNER         225.000
YLLCORNER          32.500
CELLSIZE           0.500          0.500
NODATA_VALUE  0.000
[rows 0 to 33 of 50, columns 0 to 75 of 90]
0.000 0.000 0.000 0.000 0.000 0.000 0.000 0.000 0.000 0.000 0.000 0.000 0.001 0.001 0.002 0.004 0.005 0.007 0.008 0.010 0.012 0.016 0.019 0.022 0.025 0.028 0.032 0.037 0.043 0.046 0.050 0.054 0.060 0.064 0.068 0.070 0.076 0.085 0.097 0.113 0.128 0.143 0.155 0.162 0.163 0.159 0.153 0.145 0.136 0.124 0.112 0.099 0.087 0.075 0.063 0.052 0.043 0.035 0.028 0.021 0.016 0.012 0.009 0.007 0.005 0.003 0.002 0.002 0.001 0.001 0.001 0.000 0.000 0.000 0.000 0.000
0.000 0.000 0.000 0.000 0.000 0.000 0.000 0.000 0.000 0.000 0.000 0.000 0.001 0.002 0.003 0.005 0.008 0.011 0.013 0.016 0.019 0.024 0.030 0.036 0.041 0.046 0.053 0.061 0.069 0.077 0.083 0.091 0.101 0.111 0.121 0.133 0.148 0.170 0.203 0.243 0.280 0.311 0.334 0.348 0.351 0.345 0.335 0.322 0.305 0.284 0.258 0.232 0.205 0.179 0.153 0.128 0.107 0.089 0.073 0.059 0.046 0.037 0.029 0.023 0.018 0.013 0.010 0.008 0.006 0.004 0.003 0.002 0.001 0.001 0.001 0.000
0.000 0.000 0.000 0.000 0.000 0.000 0.000 0.000 0.000 0.000 0.000 0.000 0.001 0.002 0.004 0.007 0.011 0.016 0.021 0.026 0.031 0.039 0.048 0.058 0.068 0.077 0.087 0.101 0.115 0.129 0.141 0.156 0.174 0.194 0.217 0.246 0.285 0.346 0.420 0.500 0.573 0.627 0.664 0.684 0.689 0.678 0.660 0.637 0.605 0.561 0.509 0.456 0.405 0.354 0.304 0.257 0.217 0.183 0.152 0.125 0.101 0.082 0.066 0.053 0.042 0.032 0.025 0.020 0.015 0.012 0.009 0.007 0.005 0.004 0.003 0.002
0.000 0.000 0.000 0.000 0.000 0.000 0.000 0.000 0.000 0.000 0.000 0.000 0.002 0.003 0.006 0.010 0.016 0.023 0.032 0.040 0.049 0.060 0.075 0.092 0.109 0.124 0.142 0.162 0.186 0.209 0.234 0.261 0.294 0.330 0.376 0.440 0.535 0.653 0.793 0.943 1.062 1.141 1.190 1.216 1.220 1.200 1.166 1.121 1.056 0.970 0.873 0.778 0.688 0.602 0.517 0.438 0.372 0.316 0.265 0.220 0.181 0.149 0.123 0.100 0.081 0.065 0.052 0.041 0.033 0.026 0.020 0.015 0.012 0.009 0.007 0.005
0.000 0.000 0.000 0.000 0.000 0.000 0.000 0.000 0.000 0.000 0.000 0.000 0.002 0.005 0.009 0.014 0.022 0.033 0.047 0.062 0.076 0.093 0.115 0.142 0.171 0.198 0.225 0.259 0.296 0.335 0.380 0.429 0.486 0.552 0.645 0.785 0.960 1.174 1.425 1.657 1.819 1.920 1.982 2.014 2.013 1.974 1.905 1.811 1.682 1.524 1.354 1.196 1.051 0.913 0.781 0.659 0.557 0.472 0.397 0.331 0.273 0.227 0.190 0.157 0.129 0.105 0.086 0.070 0.057 0.046 0.036 0.029 0.023 0.018 0.014 0.011
0.000 0.000 0.000 0.000 0.000 0.000 0.000 0.000 0.000 0.000 0.000 0.001 0.002 0.006 0.012 0.020 0.031 0.047 0.068 0.092 0.115 0.142 0.174 0.216 0.263 0.309 0.355 0.408 0.467 0.534 0.612 0.699 0.798 0.920 1.110 1.363 1.674 2.050 2.433 2.742 2.945 3.071 3.148 3.184 3.168 3.082 2.945 2.757 2.521 2.253 1.978 1.728 1.503 1.292 1.092 0.914 0.769 0.648 0.544 0.453 0.375 0.312 0.261 0.218 0.180 0.148 0.123 0.102 0.084 0.069 0.057 0.047 0.039 0.032 0.027 0.022
0.000 0.000 0.000 0.000 0.000 0.000 0.000 0.000 0.000 0.000 0.000 0.001 0.003 0.009 0.017 0.029 0.044 0.066 0.097 0.134 0.171 0.213 0.262 0.326 0.400 0.476 0.552 0.638 0.734 0.847 0.981 1.132 1.308 1.546 1.886 2.323 2.868 3.450 3.971 4.348 4.588 4.739 4.828 4.852 4.790 4.617 4.353 4.014 3.622 3.200 2.779 2.401 2.061 1.751 1.469 1.224 1.025 0.862 0.724 0.603 0.502 0.420 0.354 0.299 0.253 0.216 0.189 0.169 0.154 0.142 0.131 0.120 0.110 0.099 0.089 0.079
0.000 0.000 0.000 0.000 0.000 0.000 0.000 0.000 0.000 0.000 0.001 0.002 0.005 0.013 0.025 0.042 0.063 0.094 0.138 0.192 0.252 0.315 0.389 0.486 0.602 0.724 0.846 0.987 1.146 1.336 1.567 1.830 2.156 2.588 3.171 3.935 4.785 5.599 6.232 6.653 6.918 7.086 7.169 7.145 6.981 6.647 6.176 5.614 5.001 4.367 3.751 3.199 2.716 2.292 1.915 1.592 1.334 1.125 0.952 0.807 0.693 0.614 0.561 0.523 0.493 0.464 0.436 0.406 0.375 0.345 0.314 0.284 0.255 0.227 0.201 0.178
0.000 0.000 0.000 0.000 0.000 0.000 0.000 0.000 0.000 0.001 0.002 0.004 0.008 0.018 0.035 0.060 0.090 0.132 0.194 0.272 0.362 0.458 0.569 0.717 0.892 1.087 1.283 1.514 1.778 2.103 2.500 2.974 3.564 4.327 5.349 6.525 7.719 8.743 9.433 9.867 10.147 10.320 10.361 10.221 9.856 9.248 8.465 7.582 6.667 5.756 4.889 4.131 3.482 2.922 2.441 2.047 1.754 1.551 1.415 1.319 1.239 1.167 1.094 1.019 0.943 0.867 0.793 0.722 0.652 0.586 0.523 0.465 0.411 0.362 0.317 0.278
0.000 0.000 0.000 0.000 0.000 0.000 0.000 0.000 0.001 0.001 0.003 0.006 0.013 0.027 0.049 0.084 0.124 0.184 0.269 0.378 0.510 0.652 0.819 1.043 1.309 1.613 1.930 2.311 2.756 3.311 4.008 4.843 5.885 7.230 8.795 10.453 12.018 13.148 13.849 14.294 14.581 14.739 14.669 14.304 13.592 12.559 11.312 9.985 8.672 7.401 6.232 5.233 4.417 3.785 3.331 3.022 2.792 2.593 2.402 2.217 2.039 1.868 1.701 1.538 1.382 1.234 1.099 0.974 0.861 0.758 0.666 0.584 0.511 0.445 0.388 0.337
0.000 0.000 0.000 0.000 0.000 0.000 0.000 0.000 0.001 0.002 0.004 0.010 0.019 0.037 0.066 0.113 0.168 0.250 0.365 0.517 0.709 0.917 1.169 1.510 1.915 2.389 2.902 3.531 4.295 5.255 6.429 7.864 9.669 11.754 13.987 16.215 18.028 19.150 19.909 20.379 20.694 20.783 20.490 19.712 18.424 16.725 14.821 12.926 11.121 9.477 8.102 7.089 6.346 5.740 5.206 4.723 4.290 3.885 3.501 3.138 2.799 2.485 2.198 1.936 1.700 1.489 1.302 1.137 0.990 0.861 0.747 0.647 0.561 0.485 0.418 0.361
0.000 0.000 0.000 0.000 0.000 0.000 0.000 0.001 0.001 0.003 0.007 0.014 0.026 0.051 0.088 0.150 0.223 0.336 0.487 0.699 0.971 1.272 1.653 2.171 2.785 3.528 4.365 5.427 6.716 8.294 10.252 12.666 15.470 18.487 21.504 24.226 26.063 27.328 28.208 28.798 29.107 28.946 28.135 26.599 24.420 21.831 19.233 16.859 14.837 13.169 11.730 10.469 9.343 8.334 7.415 6.580 5.822 5.130 4.502 3.938 3.437 2.990 2.593 2.242 1.932 1.661 1.423 1.216 1.035 0.879 0.745 0.631 0.536 0.455 0.387 0.331
0.000 0.000 0.000 0.000 0.000 0.000 0.000 0.001 0.002 0.005 0.009 0.020 0.035 0.068 0.115 0.195 0.290 0.442 0.639 0.930 1.303 1.729 2.295 3.061 3.986 5.141 6.488 8.213 10.308 12.914 16.107 19.812 23.879 27.986 31.836 34.845 36.886 38.467 39.585 40.179 40.135 39.296 37.562 34.999 31.857 28.693 25.905 23.261 20.762 18.390 16.246 14.286 12.494 10.886 9.468 8.232 7.139 6.164 5.303 4.549 3.891 3.312 2.802 2.357 1.972 1.643 1.364 1.129 0.931 0.767 0.632 0.524 0.437 0.366 0.307 0.261
0.000 0.000 0.000 0.000 0.000 0.000 0.000 0.001 0.003 0.006 0.012 0.026 0.046 0.086 0.144 0.246 0.366 0.565 0.816 1.204 1.695 2.289 3.105 4.209 5.564 7.296 9.410 12.166 15.528 19.662 24.498 29.876 35.470 40.898 45.610 48.852 51.326 53.137 54.226 54.473 53.718 52.028 49.458 46.251 42.618 38.842 34.932 31.062 27.284 23.723 20.521 17.674 15.150 12.940 11.042 9.420 8.001 6.748 5.653 4.708 3.902 3.213 2.627 2.135 1.727 1.393 1.121 0.902 0.726 0.584 0.472 0.385 0.316 0.261 0.217 0.183
0.000 0.000 0.000 0.000 0.000 0.000 0.000 0.001 0.003 0.008 0.016 0.032 0.057 0.105 0.174 0.296 0.444 0.693 1.005 1.512 2.140 2.956 4.100 5.644 7.604 10.192 13.437 17.611 22.675 28.900 35.946 43.417 50.913 57.928 63.133 66.620 69.293 71.276 72.385 72.379 71.224 69.261 66.109 61.512 55.950 50.180 44.291 38.445 32.942 28.013 23.760 20.071 16.844 14.038 11.646 9.632 7.912 6.442 5.209 4.191 3.360 2.676 2.112 1.652 1.285 0.997 0.770 0.595 0.460 0.359 0.284 0.228 0.186 0.154 0.128 0.109
0.000 0.000 0.000 0.000 0.000 0.000 0.001 0.002 0.004 0.010 0.020 0.039 0.069 0.123 0.203 0.339 0.517 0.815 1.195 1.845 2.637 3.746 5.327 7.467 10.281 14.017 18.741 24.778 32.242 41.232 50.941 60.936 70.604 78.750 83.971 87.793 91.163 94.140 96.019 96.538 95.398 92.032 85.782 77.918 69.233 60.444 51.938 43.972 36.820 30.616 25.324 20.750 16.805 13.501 10.792 8.603 6.820 5.352 4.154 3.189 2.421 1.811 1.334 0.975 0.711 0.519 0.379 0.278 0.206 0.155 0.119 0.094 0.076 0.063 0.054 0.047
0.000 0.000 0.000 0.000 0.000 0.000 0.001 0.002 0.005 0.013 0.023 0.046 0.078 0.136 0.226 0.371 0.580 0.920 1.378 2.196 3.170 4.654 6.784 9.685 13.632 18.850 25.475 33.948 44.494 56.673 69.374 82.007 93.331 101.684 107.540 113.164 119.138 124.599 128.194 128.540 124.433 116.202 105.126 92.656 79.972 67.957 56.947 46.965 38.131 30.604 24.390 19.238 15.013 11.607 8.909 6.773 5.055 3.685 2.632 1.854 1.291 0.883 0.591 0.389 0.254 0.166 0.109 0.072 0.050 0.035 0.026 0.020 0.016 0.013 0.011 0.010
0.000 0.000 0.000 0.000 0.000 0.000 0.001 0.003 0.006 0.014 0.026 0.051 0.083 0.145 0.241 0.392 0.631 0.998 1.543 2.523 3.693 5.625 8.371 12.188 17.557 24.544 33.409 44.863 58.978 74.530 90.215 104.629 116.377 125.643 135.050 145.713 156.835 165.111 168.257 163.844 152.588 137.481 120.447 103.098 86.430 71.229 57.595 45.745 35.797 27.697 21.220 16.031 11.830 8.509 5.985 4.138 2.796 1.834 1.167 0.723 0.436 0.255 0.147 0.085 0.050 0.030 0.018 0.011 0.007 0.004 0.003 0.002 0.002 0.001 0.001 0.001
0.000 0.000 0.000 0.000 0.000 0.000 0.001 0.003 0.007 0.015 0.027 0.054 0.086 0.152 0.249 0.405 0.668 1.050 1.697 2.791 4.179 6.614 9.955 14.840 21.840 30.751 42.201 57.215 75.134 93.936 111.515 125.935 138.643 153.625 171.721 190.781 206.043 213.079 209.090 194.378 174.131 151.810 128.632 105.936 85.288 67.643 52.789 40.450 30.309 22.100 15.665 10.727 7.105 4.543 2.816 1.684 0.964 0.527 0.279 0.145 0.075 0.038 0.019 0.010 0.005 0.002 0.001 0.001 0.000 0.000 0.000 0.000 0.000 0.000 0.000 0.000
0.000 0.000 0.000 0.000 0.000 0.000 0.001 0.003 0.007 0.016 0.028 0.055 0.088 0.159 0.252 0.418 0.690 1.091 1.837 2.997 4.657 7.556 11.492 17.693 26.408 37.309 51.929 70.963 92.467 113.349 130.706 145.827 166.211 194.374 224.526 249.901 261.808 258.398 240.462 214.438 184.693 153.834 124.371 98.408 76.576 58.485 43.386 30.918 21.056 13.756 8.574 5.065 2.792 1.457 0.723 0.348 0.161 0.072 0.031 0.014 0.006 0.002 0.001 0.000 0.000 0.000 0.000 0.000 0.000 0.000 0.000 0.000 0.000 0.000 0.000 0.000
0.000 0.000 0.000 0.000 0.000 0.000 0.001 0.003 0.007 0.017 0.029 0.058 0.092 0.166 0.257 0.438 0.712 1.147 1.970 3.171 5.159 8.430 13.067 20.807 31.185 44.544 62.906 85.766 109.492 130.482 147.995 171.965 210.625 255.615 294.854 313.203 310.224 289.603 255.832 216.270 176.762 140.878 109.835 83.327 61.236 43.391 29.327 18.621 10.988 5.915 2.920 1.303 0.541 0.209 0.078 0.028 0.009 0.003 0.001 0.000 0.000 0.000 0.000 0.000 0.000 0.000 0.000 0.000 0.000 0.000 0.000 0.000 0.000 0.000 0.000 0.000
0.000 0.000 0.000 0.000 0.000 0.000 0.001 0.003 0.007 0.018 0.030 0.060 0.095 0.171 0.262 0.456 0.727 1.213 2.058 3.339 5.611 9.046 14.503 23.548 35.425 51.724 73.382 97.965 121.873 142.725 169.158 216.653 277.722 334.516 362.908 361.917 338.435 294.832 245.624 198.052 155.759 118.704 87.416 62.169 42.292 26.953 15.676 8.174 3.769 1.521 0.550 0.175 0.045 0.010 0.002 0.000 0.000 0.000 0.000 0.000 0.000 0.000 0.000 0.000 0.000 0.000 0.000 0.000 0.000 0.000 0.000 0.000 0.000 0.000 0.000 0.000
0.000 0.000 0.000 0.000 0.000 0.000 0.001 0.003 0.008 0.017 0.030 0.060 0.094 0.167 0.258 0.453 0.718 1.233 2.026 3.386 5.706 9.172 15.199 24.758 37.812 56.555 80.509 107.322 135.836 169.227 222.344 296.357 364.521 403.212 405.996 379.442 327.615 270.174 215.871 166.652 124.188 89.885 62.611 41.080 24.590 13.062 6.141 2.586 0.965 0.346 0.121 0.039 0.009 0.001 0.000 0.000 0.000 0.000 0.000 0.000 0.000 0.000 0.000 0.000 0.000 0.000 0.000 0.000 0.000 0.000 0.000 0.000 0.000 0.000 0.000 0.000
0.000 0.000 0.000 0.000 0.000 0.000 0.001 0.003 0.008 0.016 0.030 0.057 0.091 0.158 0.245 0.431 0.684 1.187 1.916 3.292 5.453 8.891 15.012 24.386 39.244 64.060 102.946 152.438 210.234 269.064 346.057 410.542 442.445 437.189 404.089 348.653 285.408 224.003 169.711 125.918 90.655 62.241 39.620 22.454 11.182 5.051 2.162 0.916 0.407 0.185 0.081 0.031 0.009 0.002 0.000 0.000 0.000 0.000 0.000 0.000 0.000 0.000 0.000 0.000 0.000 0.000 0.000 0.000 0.000 0.000 0.000 0.000 0.000 0.000 0.000 0.000
0.000 0.000 0.000 0.000 0.000 0.000 0.001 0.003 0.008 0.015 0.029 0.052 0.085 0.143 0.228 0.397 0.637 1.108 1.776 3.120 5.020 8.377 14.319 24.418 46.551 88.001 158.999 245.414 336.745 418.586 492.440 508.964 477.357 412.404 350.569 284.622 219.073 166.389 124.266 89.782 61.214 38.197 21.092 10.341 4.803 2.253 1.099 0.564 0.293 0.150 0.073 0.032 0.011 0.003 0.000 0.000 0.000 0.000 0.000 0.000 0.000 0.000 0.000 0.000 0.000 0.000 0.000 0.000 0.000 0.000 0.000 0.000 0.000 0.000 0.000 0.000
0.000 0.000 0.000 0.000 0.000 0.000 0.001 0.002 0.007 0.013 0.025 0.045 0.074 0.122 0.197 0.338 0.552 0.949 1.525 2.690 4.306 7.409 12.765 25.384 61.493 138.413 280.676 440.659 559.212 617.061 610.394 535.702 432.489 327.478 263.083 204.889 157.634 119.316 86.877 59.397 36.980 20.445 10.280 5.051 2.557 1.365 0.761 0.425 0.238 0.131 0.070 0.034 0.015 0.005 0.001 0.000 0.000 0.000 0.000 0.000 0.000 0.000 0.000 0.000 0.000 0.000 0.000 0.000 0.000 0.000 0.000 0.000 0.000 0.000 0.000 0.000
0.000 0.000 0.000 0.000 0.000 0.000 0.001 0.002 0.005 0.010 0.020 0.035 0.060 0.099 0.161 0.274 0.454 0.776 1.246 2.182 3.494 6.081 10.860 27.997 85.581 240.180 530.283 757.078 844.468 777.143 611.161 466.511 320.514 228.151 183.785 146.309 113.521 84.243 58.627 37.165 20.869 10.755 5.522 2.986 1.679 0.967 0.571 0.337 0.200 0.118 0.068 0.037 0.018 0.008 0.003 0.001 0.000 0.000 0.000 0.000 0.000 0.000 0.000 0.000 0.000 0.000 0.000 0.000 0.000 0.000 0.000 0.000 0.000 0.000 0.000 0.000
0.000 0.000 0.000 0.000 0.000 0.000 0.000 0.001 0.004 0.007 0.016 0.027 0.048 0.077 0.127 0.216 0.360 0.601 0.967 1.654 2.636 4.595 8.648 28.633 100.062 340.527 771.441 1006.645 989.602 771.809 507.789 335.177 208.352 159.082 134.734 108.987 82.951 58.875 37.934 21.589 11.356 6.130 3.478 2.037 1.214 0.736 0.455 0.281 0.175 0.108 0.066 0.038 0.021 0.011 0.005 0.002 0.000 0.000 0.000 0.000 0.000 0.000 0.000 0.000 0.000 0.000 0.000 0.000 0.000 0.000 0.000 0.000 0.000 0.000 0.000 0.000
0.000 0.000 0.000 0.000 0.000 0.000 0.000 0.001 0.003 0.005 0.012 0.021 0.036 0.059 0.096 0.163 0.268 0.440 0.706 1.145 1.846 3.149 6.217 24.185 93.293 374.604 843.445 1019.195 897.989 591.872 334.857 207.969 138.514 121.924 104.656 81.777 58.417 37.758 21.916 12.181 6.954 4.106 2.479 1.522 0.942 0.587 0.369 0.235 0.151 0.098 0.063 0.039 0.023 0.013 0.007 0.003 0.001 0.000 0.000 0.000 0.000 0.000 0.000 0.000 0.000 0.000 0.000 0.000 0.000 0.000 0.000 0.000 0.000 0.000 0.000 0.000
0.000 0.000 0.000 0.000 0.000 0.000 0.000 0.001 0.002 0.004 0.009 0.015 0.027 0.043 0.069 0.117 0.184 0.298 0.466 0.722 1.197 1.936 3.927 14.176 69.971 315.383 588.245 639.382 516.352 317.603 191.492 130.816 105.774 94.540 76.957 55.877 36.489 22.200 13.333 8.037 4.868 2.989 1.853 1.155 0.724 0.459 0.298 0.196 0.132 0.089 0.060 0.040 0.025 0.016 0.009 0.005 0.002 0.001 0.000 0.000 0.000 0.000 0.000 0.000 0.000 0.000 0.000 0.000 0.000 0.000 0.000 0.000 0.000 0.000 0.000 0.000
0.000 0.000 0.000 0.000 0.000 0.000 0.000 0.000 0.001 0.003 0.006 0.010 0.018 0.028 0.046 0.074 0.114 0.184 0.271 0.443 0.719 1.269 2.603 6.822 40.288 99.671 166.142 201.299 192.542 147.849 110.236 88.459 77.427 66.237 50.679 34.685 22.537 14.502 9.224 5.727 3.510 2.171 1.360 0.867 0.561 0.369 0.247 0.169 0.117 0.082 0.057 0.040 0.027 0.018 0.011 0.007 0.004 0.002 0.001 0.000 0.000 0.000 0.000 0.000 0.000 0.000 0.000 0.000 0.000 0.000 0.000 0.000 0.000 0.000 0.000 0.000
0.000 0.000 0.000 0.000 0.000 0.000 0.000 0.000 0.001 0.002 0.004 0.006 0.011 0.017 0.029 0.044 0.070 0.108 0.164 0.279 0.466 0.917 1.861 4.462 11.736 30.696 58.138 78.924 83.814 75.735 65.880 58.171 51.722 42.449 31.589 21.789 14.596 9.587 6.140 3.844 2.404 1.537 1.005 0.667 0.447 0.302 0.208 0.146 0.104 0.075 0.054 0.039 0.027 0.019 0.013 0.008 0.005 0.003 0.002 0.001 0.000 0.000 0.000 0.000 0.000 0.000 0.000 0.000 0.000 0.000 0.000 0.000 0.000 0.000 0.000 0.000
0.000 0.000 0.000 0.000 0.000 0.000 0.000 0.000 0.000 0.001 0.002 0.004 0.006 0.011 0.017 0.026 0.043 0.063 0.104 0.166 0.310 0.615 1.409 3.284 7.063 13.210 21.086 29.335 35.999 39.564 39.442 36.622 31.840 25.597 18.927 13.144 8.899 5.964 3.956 2.591 1.695 1.129 0.764 0.521 0.357 0.246 0.173 0.124 0.090 0.066 0.049 0.036 0.027 0.019 0.014 0.010 0.006 0.004 0.003 0.001 0.001 0.000 0.000 0.000 0.000 0.000 0.000 0.000 0.000 0.000 0.000 0.000 0.000 0.000 0.000 0.000
0.000 0.000 0.000 0.000 0.000 0.000 0.000 0.000 0.000 0.000 0.001 0.002 0.004 0.006 0.010 0.016 0.023 0.037 0.058 0.102 0.191 0.430 1.041 2.513 5.219 8.875 13.092 17.559 21.451 23.667 23.482 21.447 18.286 14.639 11.020 7.922 5.616 3.952 2.747 1.866 1.251 0.847 0.580 0.401 0.278 0.194 0.139 0.101 0.075 0.057 0.043 0.032 0.025 0.019 0.014 0.010 0.007 0.005 0.003 0.002 0.001 0.001 0.000 0.000 0.000 0.000 0.000 0.000 0.000 0.000 0.000 0.000 0.000 0.000 0.000 0.000
