DepositFiles/ESRI_ASCII/MZRun053.txt
NCOLS    90
NROWS    50
XLLCORNER         225.000
YLLCORNER          32.500
CELLSIZE           0.500          0.500
NODATA_VALUE  0.000
[rows 0 to 33 of 50, columns 0 to 75 of 90]
0.000 0.000 0.000 0.000 0.000 0.000 0.000 0.000 0.000 0.000 0.000 0.000 0.000 0.000 0.000 0.001 0.002 0.003 0.004 0.006 0.008 0.011 0.014 0.018 0.020 0.023 0.027 0.031 0.036 0.039 0.042 0.046 0.051 0.056 0.060 0.062 0.064 0.067 0.068 0.069 0.068 0.067 0.066 0.064 0.060 0.056 0.050 0.045 0.039 0.032 0.027 0.021 0.017 0.013 0.010 0.007 0.005 0.004 0.003 0.002 0.001 0.001 0.001 0.000 0.000 0.000 0.000 0.000 0.000 0.000 0.000 0.000 0.000 0.000 0.000 0.000
0.000 0.000 0.000 0.000 0.000 0.000 0.000 0.000 0.000 0.000 0.000 0.000 0.000 0.000 0.000 0.001 0.002 0.004 0.007 0.010 0.013 0.019 0.025 0.031 0.037 0.042 0.049 0.058 0.068 0.077 0.085 0.095 0.107 0.121 0.134 0.143 0.152 0.161 0.169 0.176 0.180 0.183 0.183 0.180 0.173 0.162 0.149 0.135 0.119 0.104 0.088 0.074 0.062 0.050 0.040 0.031 0.024 0.019 0.014 0.010 0.007 0.005 0.004 0.003 0.002 0.001 0.001 0.001 0.000 0.000 0.000 0.000 0.000 0.000 0.000 0.000
0.000 0.000 0.000 0.000 0.000 0.000 0.000 0.000 0.000 0.000 0.000 0.000 0.000 0.000 0.000 0.001 0.003 0.007 0.011 0.016 0.022 0.030 0.041 0.053 0.064 0.075 0.088 0.105 0.124 0.144 0.163 0.186 0.212 0.242 0.272 0.297 0.319 0.341 0.364 0.385 0.399 0.406 0.406 0.398 0.381 0.356 0.328 0.298 0.267 0.234 0.202 0.173 0.148 0.125 0.103 0.084 0.069 0.055 0.044 0.034 0.027 0.020 0.015 0.012 0.008 0.006 0.004 0.003 0.002 0.002 0.001 0.001 0.001 0.000 0.000 0.000
0.000 0.000 0.000 0.000 0.000 0.000 0.000 0.000 0.000 0.000 0.000 0.000 0.000 0.000 0.001 0.002 0.004 0.009 0.015 0.024 0.033 0.047 0.064 0.084 0.105 0.126 0.149 0.178 0.212 0.252 0.293 0.339 0.391 0.449 0.509 0.560 0.607 0.653 0.701 0.744 0.770 0.777 0.771 0.749 0.710 0.659 0.605 0.549 0.491 0.432 0.376 0.326 0.282 0.242 0.204 0.170 0.142 0.119 0.099 0.080 0.065 0.053 0.043 0.034 0.027 0.021 0.017 0.014 0.012 0.010 0.009 0.008 0.008 0.007 0.007 0.007
0.000 0.000 0.000 0.000 0.000 0.000 0.000 0.000 0.000 0.000 0.000 0.000 0.000 0.000 0.001 0.002 0.005 0.011 0.020 0.033 0.049 0.068 0.095 0.128 0.164 0.201 0.241 0.291 0.351 0.423 0.503 0.589 0.685 0.789 0.894 0.990 1.077 1.164 1.250 1.318 1.351 1.348 1.323 1.270 1.191 1.095 0.998 0.902 0.806 0.709 0.616 0.537 0.467 0.404 0.345 0.292 0.248 0.212 0.181 0.154 0.131 0.114 0.102 0.093 0.087 0.082 0.079 0.075 0.072 0.068 0.064 0.059 0.054 0.050 0.045 0.041
0.000 0.000 0.000 0.000 0.000 0.000 0.000 0.000 0.000 0.000 0.000 0.000 0.000 0.000 0.001 0.002 0.005 0.013 0.025 0.044 0.067 0.096 0.136 0.187 0.245 0.309 0.377 0.463 0.564 0.692 0.836 0.989 1.153 1.327 1.502 1.666 1.818 1.967 2.101 2.191 2.217 2.190 2.126 2.018 1.873 1.710 1.551 1.397 1.246 1.097 0.956 0.837 0.734 0.642 0.558 0.486 0.429 0.387 0.355 0.331 0.312 0.299 0.287 0.274 0.259 0.243 0.226 0.209 0.192 0.175 0.160 0.144 0.129 0.115 0.103 0.091
0.000 0.000 0.000 0.000 0.000 0.000 0.000 0.000 0.000 0.000 0.000 0.000 0.000 0.000 0.001 0.002 0.006 0.014 0.029 0.055 0.090 0.131 0.190 0.266 0.356 0.462 0.576 0.721 0.891 1.108 1.352 1.609 1.878 2.157 2.436 2.699 2.950 3.183 3.366 3.465 3.463 3.389 3.256 3.063 2.826 2.572 2.329 2.102 1.882 1.670 1.474 1.313 1.181 1.071 0.979 0.909 0.859 0.818 0.780 0.739 0.694 0.650 0.604 0.557 0.511 0.467 0.424 0.384 0.346 0.311 0.279 0.249 0.221 0.195 0.172 0.152
0.000 0.000 0.000 0.000 0.000 0.000 0.000 0.000 0.000 0.000 0.000 0.000 0.000 0.000 0.001 0.003 0.007 0.017 0.035 0.068 0.117 0.176 0.262 0.373 0.508 0.677 0.865 1.103 1.384 1.737 2.132 2.545 2.972 3.402 3.828 4.235 4.623 4.952 5.171 5.253 5.192 5.037 4.803 4.495 4.141 3.773 3.433 3.124 2.840 2.577 2.352 2.180 2.053 1.942 1.835 1.734 1.630 1.525 1.418 1.308 1.200 1.096 0.997 0.903 0.815 0.734 0.658 0.589 0.525 0.468 0.416 0.369 0.326 0.287 0.252 0.221
0.000 0.000 0.000 0.000 0.000 0.000 0.000 0.000 0.000 0.000 0.000 0.000 0.000 0.000 0.001 0.003 0.008 0.020 0.041 0.084 0.150 0.232 0.355 0.512 0.712 0.974 1.277 1.660 2.112 2.667 3.283 3.923 4.570 5.213 5.840 6.443 7.000 7.418 7.650 7.675 7.522 7.249 6.886 6.449 5.972 5.502 5.091 4.739 4.430 4.163 3.919 3.700 3.497 3.270 3.040 2.809 2.584 2.366 2.154 1.953 1.764 1.588 1.425 1.277 1.141 1.019 0.908 0.807 0.717 0.637 0.564 0.498 0.439 0.385 0.337 0.295
0.000 0.000 0.000 0.000 0.000 0.000 0.000 0.000 0.000 0.000 0.000 0.000 0.000 0.000 0.001 0.003 0.009 0.023 0.049 0.102 0.187 0.299 0.470 0.693 0.984 1.383 1.861 2.463 3.173 4.024 4.949 5.899 6.850 7.785 8.685 9.541 10.287 10.773 10.995 10.947 10.673 10.283 9.807 9.268 8.709 8.196 7.766 7.378 6.979 6.575 6.133 5.699 5.265 4.827 4.400 3.994 3.608 3.245 2.909 2.601 2.321 2.067 1.840 1.637 1.457 1.296 1.152 1.023 0.907 0.803 0.710 0.625 0.550 0.481 0.421 0.366
0.000 0.000 0.000 0.000 0.000 0.000 0.000 0.000 0.000 0.000 0.000 0.000 0.000 0.000 0.001 0.003 0.009 0.027 0.057 0.124 0.234 0.386 0.622 0.935 1.358 1.956 2.697 3.624 4.710 5.967 7.306 8.673 10.038 11.371 12.636 13.811 14.748 15.317 15.567 15.452 15.097 14.665 14.170 13.595 12.990 12.353 11.721 11.051 10.291 9.513 8.735 7.968 7.216 6.495 5.823 5.204 4.633 4.113 3.648 3.235 2.871 2.548 2.262 2.009 1.784 1.583 1.404 1.243 1.100 0.970 0.854 0.750 0.657 0.574 0.499 0.434
0.000 0.000 0.000 0.000 0.000 0.000 0.000 0.000 0.000 0.000 0.000 0.000 0.000 0.000 0.001 0.003 0.010 0.030 0.068 0.153 0.296 0.504 0.828 1.267 1.881 2.768 3.886 5.270 6.872 8.672 10.558 12.481 14.402 16.271 18.022 19.609 20.777 21.549 21.921 21.842 21.503 21.057 20.514 19.743 18.833 17.745 16.584 15.349 14.050 12.767 11.546 10.369 9.248 8.208 7.273 6.442 5.701 5.039 4.455 3.943 3.493 3.097 2.745 2.432 2.153 1.903 1.680 1.481 1.301 1.140 0.996 0.869 0.758 0.659 0.571 0.494
0.000 0.000 0.000 0.000 0.000 0.000 0.000 0.000 0.000 0.000 0.000 0.000 0.000 0.000 0.001 0.003 0.011 0.035 0.082 0.191 0.373 0.660 1.106 1.723 2.609 3.895 5.523 7.509 9.778 12.275 14.871 17.533 20.215 22.829 25.262 27.355 28.912 30.012 30.539 30.449 30.083 29.469 28.565 27.155 25.492 23.690 21.784 19.811 17.849 15.994 14.286 12.694 11.226 9.906 8.745 7.734 6.840 6.043 5.337 4.715 4.166 3.676 3.234 2.839 2.486 2.172 1.895 1.651 1.435 1.244 1.076 0.932 0.808 0.700 0.605 0.523
0.000 0.000 0.000 0.000 0.000 0.000 0.000 0.000 0.000 0.000 0.000 0.000 0.000 0.000 0.001 0.003 0.012 0.038 0.097 0.236 0.467 0.858 1.474 2.339 3.616 5.435 7.708 10.433 13.515 16.880 20.401 24.070 27.808 31.447 34.792 37.414 39.419 40.800 41.358 41.127 40.413 39.155 37.292 34.921 32.206 29.419 26.634 23.888 21.282 18.913 16.800 14.880 13.135 11.578 10.216 9.030 7.964 6.999 6.134 5.366 4.690 4.088 3.551 3.077 2.661 2.298 1.983 1.712 1.476 1.267 1.085 0.930 0.800 0.688 0.591 0.508
0.000 0.000 0.000 0.000 0.000 0.000 0.000 0.000 0.000 0.000 0.000 0.000 0.000 0.000 0.001 0.003 0.012 0.041 0.113 0.286 0.576 1.097 1.939 3.153 4.971 7.482 10.547 14.152 18.206 22.652 27.383 32.392 37.517 42.456 46.742 49.868 52.293 53.774 54.000 53.193 51.460 49.014 45.816 42.028 38.095 34.353 30.799 27.435 24.331 21.569 19.147 16.956 14.940 13.113 11.496 10.083 8.815 7.662 6.636 5.735 4.951 4.260 3.644 3.098 2.618 2.202 1.848 1.547 1.291 1.074 0.893 0.749 0.632 0.538 0.459 0.396
0.000 0.000 0.000 0.000 0.000 0.000 0.000 0.000 0.000 0.000 0.000 0.000 0.000 0.000 0.001 0.004 0.014 0.045 0.130 0.343 0.710 1.397 2.532 4.213 6.755 10.146 14.182 18.844 24.084 29.899 36.196 42.915 49.717 56.146 61.181 64.889 67.448 68.441 67.784 65.549 62.297 58.092 53.148 48.024 43.147 38.676 34.558 30.758 27.278 24.155 21.385 18.843 16.482 14.328 12.428 10.775 9.294 7.939 6.718 5.636 4.697 3.885 3.191 2.601 2.102 1.684 1.341 1.062 0.840 0.666 0.532 0.433 0.360 0.305 0.263 0.232
0.000 0.000 0.000 0.000 0.000 0.000 0.000 0.000 0.000 0.000 0.000 0.000 0.000 0.000 0.001 0.004 0.015 0.051 0.149 0.407 0.875 1.774 3.293 5.584 9.019 13.469 18.652 24.564 31.285 38.828 47.051 55.747 64.425 72.140 77.830 81.753 83.822 83.719 81.301 77.211 71.708 65.610 59.392 53.386 47.882 42.976 38.499 34.273 30.305 26.693 23.459 20.483 17.706 15.134 12.815 10.768 8.954 7.360 5.985 4.820 3.850 3.037 2.350 1.784 1.331 0.981 0.718 0.523 0.381 0.280 0.210 0.163 0.132 0.110 0.095 0.087
0.000 0.000 0.000 0.000 0.000 0.000 0.000 0.000 0.000 0.000 0.000 0.000 0.000 0.000 0.001 0.005 0.017 0.057 0.170 0.472 1.066 2.220 4.207 7.251 11.727 17.358 23.820 31.184 39.728 49.327 59.619 70.222 80.458 88.935 95.080 98.791 99.469 97.273 92.681 85.979 78.804 71.673 64.851 58.492 52.714 47.496 42.547 37.706 33.101 28.841 24.906 21.183 17.677 14.547 11.860 9.604 7.694 6.063 4.684 3.538 2.614 1.882 1.321 0.905 0.605 0.395 0.253 0.161 0.104 0.069 0.047 0.034 0.026 0.021 0.018 0.016
0.000 0.000 0.000 0.000 0.000 0.000 0.000 0.000 0.000 0.000 0.000 0.000 0.000 0.000 0.001 0.005 0.020 0.065 0.196 0.547 1.286 2.736 5.260 9.180 14.829 21.717 29.583 38.676 49.333 60.957 72.994 85.098 96.298 105.394 111.600 113.337 111.849 107.328 100.130 92.174 84.448 77.174 70.315 63.805 57.619 51.784 46.050 40.193 34.362 28.878 24.005 19.673 15.854 12.567 9.807 7.527 5.629 4.070 2.851 1.941 1.282 0.815 0.494 0.287 0.160 0.088 0.049 0.027 0.016 0.010 0.006 0.004 0.003 0.002 0.002 0.002
0.000 0.000 0.000 0.000 0.000 0.000 0.000 0.000 0.000 0.000 0.000 0.000 0.000 0.000 0.001 0.006 0.024 0.077 0.233 0.650 1.556 3.340 6.466 11.361 18.288 26.553 36.063 47.215 59.903 73.371 86.956 99.985 111.394 120.284 124.379 124.414 120.817 113.886 105.823 97.791 90.248 83.085 76.006 68.838 61.564 54.194 46.630 39.176 32.261 26.164 20.931 16.384 12.441 9.139 6.518 4.532 3.044 1.954 1.191 0.689 0.380 0.198 0.098 0.047 0.022 0.010 0.005 0.002 0.001 0.001 0.000 0.000 0.000 0.000 0.000 0.000
0.000 0.000 0.000 0.000 0.000 0.000 0.000 0.000 0.000 0.000 0.000 0.000 0.000 0.000 0.002 0.008 0.030 0.097 0.288 0.797 1.902 4.070 7.855 13.786 22.083 31.975 43.657 57.855 74.273 90.337 104.307 116.415 126.393 133.303 135.974 133.847 127.797 120.066 111.978 104.132 96.606 89.009 80.609 71.154 61.456 52.092 43.173 34.897 27.396 20.860 15.414 11.010 7.561 4.973 3.119 1.858 1.041 0.546 0.269 0.126 0.056 0.024 0.009 0.004 0.001 0.000 0.000 0.000 0.000 0.000 0.000 0.000 0.000 0.000 0.000 0.000
0.000 0.000 0.000 0.000 0.000 0.000 0.000 0.000 0.000 0.000 0.000 0.000 0.000 0.000 0.002 0.010 0.038 0.122 0.355 0.963 2.275 4.827 9.267 16.182 26.003 38.988 56.224 76.722 98.167 115.141 128.624 138.320 146.081 150.247 148.266 142.613 135.056 126.651 118.397 110.554 102.278 92.023 80.374 68.524 57.090 46.420 36.395 27.298 19.654 13.606 9.027 5.655 3.296 1.779 0.897 0.427 0.192 0.081 0.033 0.013 0.005 0.002 0.001 0.000 0.000 0.000 0.000 0.000 0.000 0.000 0.000 0.000 0.000 0.000 0.000 0.000
0.000 0.000 0.000 0.000 0.000 0.000 0.000 0.000 0.000 0.000 0.000 0.000 0.000 0.000 0.003 0.012 0.044 0.141 0.403 1.073 2.527 5.364 10.351 18.560 32.187 51.394 76.426 107.894 135.859 152.598 163.749 171.093 174.940 170.655 161.206 150.461 140.022 131.031 122.737 113.448 101.773 88.632 75.158 61.416 48.205 36.263 26.192 18.003 11.653 6.992 3.839 1.916 0.876 0.372 0.152 0.061 0.024 0.009 0.003 0.001 0.000 0.000 0.000 0.000 0.000 0.000 0.000 0.000 0.000 0.000 0.000 0.000 0.000 0.000 0.000 0.000
0.000 0.000 0.000 0.000 0.000 0.000 0.000 0.000 0.000 0.000 0.000 0.000 0.000 0.000 0.003 0.013 0.047 0.147 0.416 1.098 2.618 5.747 11.699 22.685 42.529 71.459 110.996 153.421 182.802 197.187 209.407 214.299 207.602 192.022 171.727 153.035 139.496 130.146 120.193 108.542 94.967 79.699 63.257 48.043 35.106 24.483 16.009 9.583 5.138 2.455 1.056 0.417 0.160 0.063 0.025 0.010 0.004 0.001 0.000 0.000 0.000 0.000 0.000 0.000 0.000 0.000 0.000 0.000 0.000 0.000 0.000 0.000 0.000 0.000 0.000 0.000
0.000 0.000 0.000 0.000 0.000 0.000 0.000 0.000 0.000 0.000 0.000 0.000 0.000 0.000 0.003 0.012 0.044 0.139 0.391 1.035 2.533 5.895 13.071 29.010 61.314 108.490 168.067 217.351 243.504 262.786 269.629 257.040 235.328 203.674 172.030 148.047 132.405 122.082 110.913 97.252 80.209 62.609 46.885 33.448 22.443 13.878 7.712 3.829 1.714 0.719 0.284 0.110 0.045 0.018 0.007 0.003 0.001 0.000 0.000 0.000 0.000 0.000 0.000 0.000 0.000 0.000 0.000 0.000 0.000 0.000 0.000 0.000 0.000 0.000 0.000 0.000
0.000 0.000 0.000 0.000 0.000 0.000 0.000 0.000 0.000 0.000 0.000 0.000 0.000 0.000 0.002 0.009 0.035 0.112 0.321 0.865 2.233 5.792 15.194 41.578 96.800 166.631 238.097 288.165 328.488 345.454 327.592 288.317 242.589 198.132 161.717 135.514 118.922 107.785 94.057 77.409 60.349 44.777 31.335 20.275 11.911 6.394 3.200 1.526 0.714 0.318 0.132 0.055 0.021 0.007 0.003 0.001 0.000 0.000 0.000 0.000 0.000 0.000 0.000 0.000 0.000 0.000 0.000 0.000 0.000 0.000 0.000 0.000 0.000 0.000 0.000 0.000
0.000 0.000 0.000 0.000 0.000 0.000 0.000 0.000 0.000 0.000 0.000 0.000 0.000 0.000 0.001 0.006 0.024 0.080 0.234 0.646 1.762 5.214 17.177 61.027 137.994 222.491 307.215 369.438 409.830 406.001 357.596 291.054 228.225 179.238 142.130 116.059 100.607 87.920 72.991 57.268 42.279 29.125 18.427 10.717 5.915 3.196 1.695 0.874 0.436 0.200 0.087 0.035 0.012 0.003 0.001 0.000 0.000 0.000 0.000 0.000 0.000 0.000 0.000 0.000 0.000 0.000 0.000 0.000 0.000 0.000 0.000 0.000 0.000 0.000 0.000 0.000
0.000 0.000 0.000 0.000 0.000 0.000 0.000 0.000 0.000 0.000 0.000 0.000 0.000 0.000 0.001 0.004 0.014 0.048 0.145 0.417 1.187 4.098 17.083 75.423 152.882 270.486 386.387 444.380 451.607 407.405 336.287 258.240 195.217 151.898 119.119 94.905 81.297 67.907 53.655 39.796 27.327 17.383 10.449 6.146 3.602 2.087 1.175 0.636 0.325 0.154 0.066 0.024 0.007 0.001 0.000 0.000 0.000 0.000 0.000 0.000 0.000 0.000 0.000 0.000 0.000 0.000 0.000 0.000 0.000 0.000 0.000 0.000 0.000 0.000 0.000 0.000
0.000 0.000 0.000 0.000 0.000 0.000 0.000 0.000 0.000 0.000 0.000 0.000 0.000 0.000 0.000 0.002 0.007 0.024 0.073 0.213 0.636 2.532 13.285 70.387 138.147 309.736 448.999 466.074 412.249 337.702 273.416 208.012 157.697 122.592 94.719 75.894 63.252 50.096 37.388 26.135 17.151 10.877 6.844 4.306 2.674 1.617 0.941 0.522 0.271 0.129 0.054 0.019 0.006 0.001 0.000 0.000 0.000 0.000 0.000 0.000 0.000 0.000 0.000 0.000 0.000 0.000 0.000 0.000 0.000 0.000 0.000 0.000 0.000 0.000 0.000 0.000
0.000 0.000 0.000 0.000 0.000 0.000 0.000 0.000 0.000 0.000 0.000 0.000 0.000 0.000 0.000 0.001 0.003 0.010 0.031 0.090 0.265 0.974 5.873 37.934 99.058 290.889 369.381 348.310 296.833 249.208 200.410 151.087 115.811 91.994 72.666 59.916 47.623 35.832 25.754 17.773 11.909 7.909 5.230 3.407 2.169 1.337 0.795 0.452 0.243 0.121 0.055 0.022 0.007 0.002 0.000 0.000 0.000 0.000 0.000 0.000 0.000 0.000 0.000 0.000 0.000 0.000 0.000 0.000 0.000 0.000 0.000 0.000 0.000 0.000 0.000 0.000
0.000 0.000 0.000 0.000 0.000 0.000 0.000 0.000 0.000 0.000 0.000 0.000 0.000 0.000 0.000 0.000 0.001 0.004 0.012 0.037 0.105 0.329 1.476 9.079 50.505 106.087 156.290 183.700 189.719 168.930 133.582 103.797 83.526 68.142 56.952 46.177 35.465 26.322 19.079 13.463 9.236 6.259 4.206 2.782 1.798 1.133 0.696 0.416 0.239 0.129 0.064 0.029 0.011 0.004 0.001 0.000 0.000 0.000 0.000 0.000 0.000 0.000 0.000 0.000 0.000 0.000 0.000 0.000 0.000 0.000 0.000 0.000 0.000 0.000 0.000 0.000
0.000 0.000 0.000 0.000 0.000 0.000 0.000 0.000 0.000 0.000 0.000 0.000 0.000 0.000 0.000 0.000 0.000 0.001 0.004 0.014 0.042 0.134 0.468 2.426 13.134 52.661 102.158 128.452 129.945 111.250 90.616 74.469 61.589 52.051 43.856 34.806 26.449 19.657 14.354 10.202 7.059 4.851 3.318 2.244 1.491 0.972 0.623 0.391 0.238 0.138 0.076 0.038 0.018 0.007 0.002 0.001 0.000 0.000 0.000 0.000 0.000 0.000 0.000 0.000 0.000 0.000 0.000 0.000 0.000 0.000 0.000 0.000 0.000 0.000 0.000 0.000
0.000 0.000 0.000 0.000 0.000 0.000 0.000 0.000 0.000 0.000 0.000 0.000 0.000 0.000 0.000 0.000 0.000 0.000 0.001 0.004 0.014 0.045 0.150 0.602 3.031 13.184 31.294 46.638 55.751 57.280 54.094 48.826 43.523 38.505 32.386 25.482 19.353 14.477 10.665 7.660 5.380 3.771 2.640 1.833 1.252 0.839 0.555 0.363 0.232 0.144 0.085 0.047 0.024 0.011 0.005 0.002 0.000 0.000 0.000 0.000 0.000 0.000 0.000 0.000 0.000 0.000 0.000 0.000 0.000 0.000 0.000 0.000 0.000 0.000 0.000 0.000
0.000 0.000 0.000 0.000 0.000 0.000 0.000 0.000 0.000 0.000 0.000 0.000 0.000 0.000 0.000 0.000 0.000 0.000 0.000 0.001 0.004 0.014 0.054 0.205 0.884 3.571 9.604 17.492 25.104 30.411 32.678 32.256 30.350 27.418 23.175 18.411 14.223 10.838 8.115 5.910 4.208 2.994 2.131 1.504 1.045 0.714 0.487 0.330 0.221 0.144 0.090 0.054 0.031 0.016 0.008 0.003 0.001 0.000 0.000 0.000 0.000 0.000 0.000 0.000 0.000 0.000 0.000 0.000 0.000 0.000 0.000 0.000 0.000 0.000 0.000 0.000
