DepositFiles/ESRI_ASCII/MZRun015.txt
NCOLS    90
NROWS    50
XLLCORNER         225.000
YLLCORNER          32.500
CELLSIZE           0.500          0.500
NODATA_VALUE  0.000
[rows 0 to 33 of 50, columns 0 to 75 of 90]
0.000 0.000 0.000 0.000 0.000 0.000 0.000 0.000 0.000 0.000 0.000 0.000 0.002 0.006 0.014 0.028 0.046 0.068 0.092 0.119 0.151 0.187 0.227 0.269 0.309 0.350 0.397 0.448 0.503 0.555 0.607 0.664 0.729 0.800 0.873 0.946 1.023 1.105 1.190 1.270 1.341 1.408 1.471 1.523 1.559 1.575 1.581 1.582 1.573 1.555 1.529 1.502 1.472 1.431 1.378 1.318 1.261 1.204 1.143 1.077 1.012 0.958 0.907 0.855 0.800 0.745 0.699 0.654 0.605 0.552 0.500 0.455 0.414 0.373 0.333 0.297
0.000 0.000 0.000 0.000 0.000 0.000 0.000 0.000 0.000 0.000 0.000 0.000 0.002 0.006 0.017 0.034 0.057 0.086 0.117 0.150 0.188 0.232 0.281 0.333 0.384 0.435 0.491 0.553 0.619 0.685 0.749 0.817 0.892 0.975 1.061 1.146 1.232 1.323 1.417 1.509 1.593 1.669 1.736 1.790 1.823 1.834 1.833 1.827 1.811 1.787 1.754 1.720 1.680 1.627 1.560 1.487 1.419 1.354 1.285 1.212 1.141 1.082 1.029 0.974 0.915 0.858 0.812 0.771 0.729 0.684 0.639 0.601 0.567 0.530 0.491 0.452
0.000 0.000 0.000 0.000 0.000 0.000 0.000 0.000 0.000 0.000 0.000 0.001 0.002 0.009 0.024 0.047 0.077 0.113 0.154 0.197 0.244 0.297 0.358 0.424 0.489 0.551 0.619 0.694 0.775 0.858 0.940 1.024 1.116 1.217 1.323 1.429 1.535 1.644 1.757 1.866 1.965 2.052 2.124 2.175 2.198 2.197 2.183 2.165 2.143 2.111 2.068 2.023 1.968 1.898 1.809 1.715 1.629 1.547 1.463 1.375 1.289 1.218 1.153 1.087 1.017 0.950 0.895 0.848 0.800 0.750 0.702 0.664 0.631 0.598 0.562 0.527
0.000 0.000 0.000 0.000 0.000 0.000 0.000 0.000 0.000 0.000 0.001 0.002 0.005 0.016 0.036 0.065 0.102 0.148 0.201 0.257 0.314 0.379 0.454 0.535 0.618 0.696 0.778 0.869 0.967 1.070 1.172 1.277 1.389 1.511 1.640 1.769 1.898 2.029 2.161 2.286 2.398 2.490 2.557 2.593 2.594 2.574 2.552 2.529 2.502 2.460 2.403 2.339 2.263 2.167 2.054 1.936 1.830 1.732 1.633 1.530 1.428 1.343 1.267 1.190 1.109 1.030 0.966 0.911 0.857 0.800 0.746 0.702 0.665 0.629 0.592 0.556
0.000 0.000 0.000 0.000 0.000 0.000 0.000 0.000 0.001 0.001 0.002 0.004 0.011 0.026 0.053 0.090 0.136 0.193 0.260 0.332 0.404 0.484 0.575 0.675 0.778 0.877 0.978 1.088 1.208 1.335 1.464 1.594 1.730 1.877 2.031 2.188 2.346 2.502 2.653 2.791 2.910 2.996 3.044 3.050 3.028 2.998 2.970 2.942 2.903 2.842 2.761 2.669 2.560 2.433 2.290 2.146 2.020 1.904 1.789 1.670 1.553 1.454 1.366 1.278 1.186 1.098 1.026 0.964 0.904 0.843 0.784 0.737 0.697 0.658 0.619 0.580
0.000 0.000 0.000 0.000 0.000 0.000 0.000 0.001 0.001 0.002 0.005 0.010 0.021 0.042 0.078 0.123 0.179 0.249 0.333 0.426 0.518 0.616 0.727 0.851 0.981 1.107 1.232 1.367 1.514 1.672 1.834 1.996 2.163 2.339 2.523 2.715 2.908 3.091 3.260 3.408 3.522 3.589 3.606 3.583 3.541 3.501 3.466 3.426 3.367 3.278 3.162 3.027 2.878 2.716 2.544 2.375 2.226 2.092 1.959 1.822 1.689 1.575 1.474 1.376 1.274 1.178 1.099 1.033 0.970 0.907 0.848 0.799 0.759 0.721 0.681 0.642
0.000 0.000 0.000 0.000 0.000 0.000 0.001 0.001 0.002 0.005 0.011 0.020 0.037 0.065 0.110 0.167 0.236 0.320 0.424 0.542 0.658 0.778 0.914 1.067 1.229 1.388 1.545 1.712 1.893 2.088 2.289 2.490 2.693 2.905 3.130 3.367 3.598 3.810 3.995 4.144 4.240 4.276 4.258 4.207 4.149 4.102 4.056 3.997 3.909 3.782 3.616 3.432 3.242 3.049 2.851 2.658 2.489 2.336 2.187 2.034 1.886 1.761 1.652 1.548 1.446 1.350 1.273 1.209 1.149 1.089 1.029 0.978 0.934 0.890 0.845 0.799
0.000 0.000 0.000 0.000 0.000 0.001 0.001 0.002 0.005 0.011 0.021 0.036 0.059 0.096 0.153 0.225 0.308 0.411 0.537 0.683 0.828 0.976 1.141 1.327 1.527 1.725 1.920 2.125 2.347 2.585 2.832 3.078 3.326 3.589 3.869 4.154 4.424 4.664 4.858 4.993 5.049 5.041 4.990 4.919 4.855 4.798 4.734 4.646 4.516 4.332 4.106 3.875 3.653 3.436 3.217 3.007 2.823 2.658 2.501 2.344 2.196 2.073 1.967 1.868 1.768 1.668 1.581 1.506 1.433 1.360 1.287 1.221 1.161 1.104 1.046 0.987
0.000 0.000 0.000 0.000 0.000 0.001 0.002 0.006 0.011 0.021 0.035 0.055 0.087 0.135 0.206 0.295 0.396 0.520 0.672 0.848 1.027 1.207 1.408 1.633 1.877 2.121 2.363 2.615 2.887 3.177 3.477 3.780 4.101 4.434 4.768 5.101 5.413 5.675 5.863 5.940 5.941 5.893 5.818 5.741 5.668 5.591 5.497 5.362 5.169 4.915 4.636 4.370 4.122 3.887 3.657 3.443 3.260 3.101 2.952 2.802 2.653 2.516 2.389 2.267 2.142 2.019 1.909 1.811 1.717 1.624 1.531 1.445 1.366 1.290 1.216 1.143
0.000 0.000 0.000 0.000 0.001 0.002 0.005 0.011 0.019 0.032 0.051 0.079 0.121 0.182 0.268 0.374 0.495 0.643 0.823 1.034 1.249 1.468 1.711 1.982 2.279 2.578 2.877 3.190 3.523 3.879 4.255 4.653 5.065 5.470 5.870 6.259 6.611 6.881 7.006 7.020 6.968 6.886 6.805 6.722 6.629 6.519 6.369 6.159 5.881 5.560 5.240 4.950 4.695 4.468 4.258 4.061 3.878 3.699 3.515 3.325 3.133 2.954 2.786 2.623 2.462 2.304 2.161 2.031 1.910 1.793 1.678 1.572 1.476 1.385 1.299 1.216
0.000 0.000 0.000 0.001 0.002 0.004 0.009 0.016 0.028 0.045 0.071 0.108 0.160 0.234 0.336 0.463 0.605 0.780 0.991 1.241 1.500 1.765 2.060 2.389 2.750 3.119 3.492 3.882 4.302 4.758 5.251 5.768 6.280 6.777 7.257 7.708 8.084 8.300 8.357 8.303 8.197 8.106 8.026 7.929 7.798 7.617 7.378 7.066 6.714 6.365 6.054 5.789 5.549 5.315 5.068 4.817 4.567 4.317 4.065 3.808 3.551 3.307 3.079 2.865 2.662 2.471 2.298 2.142 1.998 1.862 1.732 1.612 1.503 1.403 1.308 1.220
0.000 0.000 0.000 0.001 0.003 0.006 0.013 0.023 0.038 0.061 0.094 0.140 0.203 0.292 0.412 0.562 0.729 0.935 1.183 1.478 1.788 2.108 2.467 2.867 3.310 3.767 4.235 4.735 5.284 5.891 6.539 7.186 7.822 8.433 8.997 9.502 9.846 9.977 9.960 9.825 9.698 9.613 9.526 9.391 9.181 8.914 8.588 8.230 7.869 7.527 7.210 6.899 6.588 6.267 5.933 5.588 5.238 4.886 4.538 4.196 3.866 3.559 3.275 3.015 2.777 2.556 2.352 2.167 1.998 1.840 1.692 1.558 1.436 1.326 1.225 1.134
0.000 0.000 0.000 0.001 0.004 0.009 0.017 0.030 0.049 0.078 0.119 0.175 0.250 0.356 0.495 0.670 0.866 1.108 1.395 1.738 2.104 2.488 2.922 3.412 3.956 4.525 5.122 5.788 6.534 7.328 8.143 8.953 9.742 10.479 11.128 11.646 11.873 11.916 11.800 11.628 11.517 11.443 11.344 11.144 10.871 10.531 10.148 9.735 9.304 8.877 8.471 8.063 7.629 7.170 6.699 6.228 5.760 5.300 4.856 4.434 4.037 3.670 3.332 3.024 2.742 2.481 2.242 2.027 1.833 1.659 1.501 1.360 1.237 1.128 1.032 0.948
0.000 0.000 0.000 0.001 0.004 0.011 0.021 0.038 0.061 0.096 0.145 0.212 0.300 0.422 0.581 0.782 1.008 1.286 1.615 2.007 2.433 2.890 3.419 4.018 4.687 5.416 6.220 7.128 8.097 9.114 10.148 11.162 12.131 13.003 13.709 14.082 14.203 14.141 13.991 13.865 13.793 13.732 13.579 13.310 12.918 12.439 11.910 11.362 10.796 10.228 9.666 9.087 8.481 7.858 7.238 6.636 6.052 5.483 4.940 4.430 3.957 3.521 3.127 2.775 2.462 2.181 1.931 1.709 1.514 1.339 1.184 1.050 0.934 0.836 0.752 0.682
0.000 0.000 0.000 0.002 0.005 0.013 0.026 0.045 0.073 0.114 0.172 0.249 0.350 0.489 0.666 0.892 1.146 1.460 1.832 2.282 2.776 3.323 3.965 4.705 5.559 6.532 7.605 8.793 10.058 11.376 12.686 13.950 15.127 16.111 16.727 16.960 16.983 16.902 16.816 16.743 16.689 16.571 16.287 15.799 15.142 14.444 13.716 12.945 12.159 11.380 10.610 9.831 9.031 8.226 7.438 6.687 5.969 5.280 4.637 4.052 3.528 3.063 2.654 2.293 1.976 1.696 1.449 1.235 1.051 0.895 0.766 0.661 0.576 0.507 0.451 0.407
0.000 0.000 0.000 0.002 0.006 0.016 0.031 0.054 0.087 0.135 0.202 0.291 0.405 0.559 0.755 1.004 1.284 1.637 2.055 2.572 3.155 3.828 4.622 5.558 6.669 7.958 9.385 10.962 12.634 14.345 16.013 17.592 19.012 20.014 20.454 20.573 20.534 20.510 20.497 20.439 20.293 19.909 19.277 18.406 17.406 16.380 15.338 14.292 13.251 12.206 11.182 10.153 9.106 8.077 7.113 6.234 5.418 4.661 3.972 3.358 2.819 2.349 1.941 1.592 1.303 1.062 0.862 0.698 0.565 0.459 0.375 0.312 0.263 0.227 0.199 0.179
0.000 0.000 0.001 0.002 0.007 0.019 0.037 0.064 0.103 0.159 0.235 0.335 0.462 0.631 0.844 1.116 1.428 1.828 2.303 2.906 3.595 4.434 5.424 6.632 8.103 9.815 11.719 13.822 16.038 18.266 20.398 22.374 23.967 24.765 25.064 25.058 25.084 25.158 25.128 24.914 24.333 23.473 22.292 20.884 19.431 18.015 16.647 15.295 13.904 12.495 11.139 9.830 8.573 7.407 6.349 5.396 4.519 3.715 3.002 2.397 1.903 1.496 1.161 0.891 0.676 0.504 0.372 0.273 0.201 0.152 0.119 0.096 0.080 0.068 0.059 0.053
0.000 0.000 0.001 0.003 0.008 0.022 0.043 0.074 0.118 0.181 0.265 0.374 0.513 0.696 0.929 1.229 1.579 2.034 2.578 3.285 4.104 5.146 6.379 7.946 9.878 12.114 14.622 17.410 20.328 23.214 25.916 28.240 29.596 30.277 30.453 30.504 30.668 30.730 30.480 29.694 28.427 26.763 24.849 22.870 20.956 19.146 17.381 15.550 13.705 11.970 10.390 8.926 7.551 6.275 5.134 4.143 3.284 2.543 1.926 1.439 1.057 0.756 0.525 0.357 0.242 0.167 0.119 0.087 0.066 0.052 0.042 0.035 0.030 0.026 0.022 0.020
0.000 0.000 0.001 0.003 0.009 0.024 0.048 0.083 0.131 0.199 0.291 0.409 0.560 0.760 1.016 1.347 1.741 2.259 2.885 3.715 4.693 5.975 7.504 9.523 11.983 14.805 18.043 21.689 25.458 29.106 32.349 34.539 35.816 36.465 36.717 37.053 37.290 37.109 36.056 34.193 31.807 29.224 26.639 24.080 21.630 19.310 17.012 14.771 12.666 10.732 8.977 7.366 5.939 4.699 3.650 2.775 2.046 1.452 0.998 0.665 0.431 0.278 0.183 0.126 0.091 0.069 0.055 0.046 0.039 0.033 0.029 0.026 0.023 0.021 0.019 0.017
0.000 0.000 0.001 0.003 0.010 0.026 0.052 0.090 0.142 0.215 0.315 0.443 0.609 0.826 1.109 1.474 1.921 2.510 3.238 4.215 5.395 6.957 8.867 11.426 14.450 17.924 22.031 26.701 31.436 35.868 39.336 41.473 42.950 43.802 44.634 45.215 45.045 43.536 40.829 37.511 34.068 30.620 27.256 24.042 21.068 18.288 15.620 13.088 10.728 8.664 6.928 5.452 4.187 3.125 2.256 1.554 1.016 0.644 0.407 0.261 0.175 0.126 0.096 0.077 0.064 0.055 0.048 0.042 0.037 0.033 0.030 0.027 0.024 0.022 0.020 0.018
0.000 0.000 0.001 0.003 0.011 0.028 0.057 0.097 0.154 0.233 0.343 0.484 0.666 0.904 1.216 1.620 2.130 2.801 3.656 4.810 6.239 8.138 10.531 13.687 17.323 21.580 26.751 32.525 38.403 44.264 48.348 50.735 52.446 54.019 55.302 54.996 52.520 48.588 44.055 39.382 34.822 30.503 26.484 22.784 19.344 16.098 13.111 10.471 8.214 6.370 4.876 3.640 2.612 1.767 1.121 0.689 0.440 0.295 0.210 0.157 0.124 0.102 0.085 0.072 0.062 0.054 0.048 0.042 0.038 0.034 0.031 0.028 0.026 0.023 0.021 0.020
0.000 0.000 0.001 0.004 0.012 0.031 0.062 0.106 0.168 0.254 0.374 0.525 0.723 0.980 1.322 1.766 2.343 3.102 4.104 5.461 7.186 9.482 12.430 16.199 20.521 25.727 32.287 40.835 51.245 59.030 62.735 65.136 67.746 69.101 67.923 63.740 57.848 51.535 45.296 39.467 34.067 29.150 24.568 20.281 16.402 13.016 10.134 7.747 5.859 4.357 3.143 2.150 1.376 0.850 0.524 0.363 0.273 0.213 0.170 0.139 0.115 0.096 0.081 0.070 0.060 0.052 0.046 0.041 0.037 0.034 0.031 0.028 0.026 0.024 0.022 0.020
0.000 0.000 0.001 0.004 0.013 0.033 0.067 0.114 0.180 0.271 0.398 0.559 0.770 1.042 1.410 1.893 2.528 3.369 4.514 6.065 8.074 10.790 14.319 18.715 23.882 31.723 45.167 62.109 78.185 86.674 91.214 92.397 91.132 85.856 78.049 69.053 59.753 51.601 44.384 37.876 31.967 26.387 21.280 16.756 12.941 9.799 7.348 5.467 3.970 2.752 1.811 1.156 0.730 0.491 0.368 0.287 0.230 0.188 0.155 0.128 0.107 0.091 0.077 0.067 0.058 0.051 0.045 0.040 0.036 0.033 0.030 0.028 0.025 0.024 0.022 0.020
0.000 0.000 0.001 0.004 0.013 0.035 0.069 0.118 0.187 0.281 0.414 0.580 0.796 1.078 1.462 1.972 2.645 3.553 4.820 6.542 8.814 11.959 16.103 21.558 30.631 48.693 76.374 110.958 132.314 139.590 139.321 130.365 115.951 99.337 83.455 69.176 57.798 49.089 41.436 34.622 28.153 22.231 17.114 12.875 9.501 7.006 5.161 3.665 2.477 1.629 1.072 0.730 0.527 0.402 0.315 0.253 0.207 0.172 0.144 0.121 0.103 0.087 0.075 0.065 0.056 0.050 0.044 0.040 0.036 0.033 0.030 0.028 0.026 0.024 0.022 0.021
0.000 0.000 0.001 0.004 0.014 0.036 0.070 0.120 0.189 0.285 0.418 0.584 0.801 1.084 1.472 1.992 2.683 3.634 4.974 6.823 9.344 13.068 18.675 28.570 49.727 90.921 154.989 212.796 232.290 231.337 208.542 171.869 136.887 106.800 82.355 64.337 52.962 44.492 36.761 29.623 23.101 17.459 12.835 9.277 6.746 4.898 3.436 2.342 1.592 1.107 0.795 0.584 0.447 0.351 0.281 0.230 0.192 0.162 0.137 0.117 0.100 0.086 0.075 0.065 0.057 0.050 0.045 0.040 0.037 0.034 0.031 0.029 0.027 0.025 0.024 0.023
0.000 0.000 0.001 0.004 0.013 0.034 0.067 0.115 0.181 0.274 0.402 0.563 0.774 1.053 1.435 1.953 2.641 3.597 4.955 6.843 9.572 14.097 22.831 44.678 102.466 212.936 361.248 433.928 424.591 361.876 282.505 206.722 147.140 104.372 74.452 55.879 46.293 38.124 30.600 23.793 17.756 12.811 9.098 6.533 4.681 3.303 2.326 1.655 1.200 0.881 0.652 0.495 0.390 0.313 0.256 0.213 0.180 0.153 0.132 0.114 0.099 0.086 0.076 0.066 0.058 0.052 0.047 0.042 0.038 0.035 0.033 0.031 0.029 0.027 0.026 0.024
0.000 0.000 0.001 0.003 0.011 0.029 0.059 0.104 0.165 0.252 0.372 0.524 0.721 0.983 1.341 1.827 2.472 3.375 4.668 6.510 9.324 14.712 29.430 88.140 239.649 512.926 755.401 816.653 725.477 521.009 336.475 219.803 139.608 91.713 61.424 47.077 38.886 31.161 24.156 17.973 12.815 8.997 6.387 4.566 3.277 2.375 1.740 1.287 0.957 0.713 0.540 0.424 0.342 0.280 0.232 0.196 0.167 0.144 0.125 0.109 0.095 0.084 0.075 0.066 0.059 0.052 0.047 0.043 0.039 0.036 0.033 0.031 0.029 0.028 0.026 0.025
0.000 0.000 0.001 0.003 0.009 0.024 0.050 0.090 0.145 0.224 0.332 0.470 0.648 0.884 1.204 1.635 2.203 3.000 4.141 5.777 8.387 13.958 34.923 150.348 381.230 870.490 1175.951 1190.438 971.700 621.977 343.263 200.230 118.138 74.339 48.373 38.587 31.000 24.018 17.898 12.805 8.961 6.331 4.538 3.310 2.447 1.823 1.368 1.030 0.778 0.591 0.461 0.370 0.303 0.252 0.211 0.180 0.155 0.134 0.117 0.102 0.091 0.081 0.072 0.064 0.057 0.052 0.047 0.042 0.039 0.036 0.033 0.031 0.029 0.027 0.026 0.025
0.000 0.000 0.000 0.002 0.007 0.019 0.041 0.075 0.123 0.193 0.288 0.409 0.564 0.766 1.039 1.401 1.871 2.523 3.446 4.782 6.964 11.970 34.144 172.824 409.831 1098.469 1450.452 1359.817 997.727 583.832 287.810 154.218 87.058 52.521 36.915 29.764 23.172 17.355 12.567 8.930 6.348 4.594 3.393 2.551 1.932 1.465 1.115 0.851 0.651 0.505 0.402 0.327 0.271 0.228 0.194 0.166 0.144 0.126 0.111 0.098 0.087 0.078 0.070 0.063 0.056 0.051 0.046 0.042 0.039 0.036 0.033 0.031 0.029 0.027 0.026 0.025
0.000 0.000 0.000 0.002 0.005 0.015 0.032 0.061 0.102 0.161 0.241 0.344 0.473 0.640 0.861 1.149 1.515 2.016 2.712 3.715 5.290 8.580 22.863 119.544 350.018 1061.188 1323.904 1158.004 759.748 382.763 173.281 92.286 54.945 35.038 27.593 21.707 16.440 12.127 8.858 6.463 4.737 3.530 2.675 2.051 1.574 1.205 0.925 0.714 0.554 0.438 0.353 0.291 0.245 0.208 0.179 0.156 0.136 0.120 0.106 0.095 0.085 0.076 0.069 0.062 0.057 0.051 0.047 0.043 0.039 0.036 0.034 0.032 0.030 0.028 0.027 0.025
0.000 0.000 0.000 0.001 0.004 0.010 0.024 0.047 0.080 0.128 0.192 0.274 0.377 0.509 0.680 0.898 1.167 1.531 2.023 2.747 3.820 5.685 10.384 35.722 205.180 356.668 455.968 453.661 329.198 166.482 87.853 50.984 32.565 24.992 20.047 15.520 11.731 8.807 6.612 4.958 3.721 2.829 2.178 1.688 1.307 1.009 0.782 0.609 0.480 0.384 0.314 0.261 0.222 0.190 0.165 0.145 0.128 0.114 0.102 0.092 0.083 0.075 0.068 0.062 0.057 0.052 0.048 0.044 0.040 0.037 0.035 0.032 0.030 0.029 0.027 0.025
0.000 0.000 0.000 0.001 0.002 0.007 0.017 0.034 0.059 0.096 0.146 0.209 0.288 0.390 0.519 0.681 0.880 1.148 1.503 2.039 2.791 4.109 6.147 13.005 42.056 126.815 200.146 197.525 134.812 75.244 44.525 29.822 22.413 18.391 14.688 11.346 8.647 6.587 5.026 3.830 2.918 2.247 1.752 1.374 1.075 0.838 0.656 0.517 0.414 0.335 0.276 0.231 0.197 0.170 0.149 0.132 0.118 0.105 0.095 0.086 0.078 0.071 0.065 0.059 0.055 0.050 0.046 0.043 0.039 0.036 0.034 0.031 0.029 0.027 0.025 0.023
0.000 0.000 0.000 0.000 0.001 0.004 0.011 0.023 0.041 0.069 0.107 0.155 0.217 0.294 0.391 0.514 0.661 0.859 1.120 1.489 2.053 2.913 4.330 6.742 11.790 23.883 37.312 42.174 38.328 30.976 24.401 19.547 16.235 13.335 10.587 8.189 6.297 4.869 3.786 2.941 2.281 1.785 1.411 1.119 0.884 0.695 0.548 0.438 0.355 0.290 0.241 0.203 0.173 0.150 0.132 0.117 0.105 0.095 0.085 0.078 0.071 0.065 0.059 0.054 0.050 0.046 0.042 0.039 0.036 0.033 0.030 0.028 0.025 0.023 0.021 0.020
0.000 0.000 0.000 0.000 0.001 0.002 0.007 0.015 0.028 0.048 0.076 0.112 0.159 0.216 0.288 0.378 0.482 0.624 0.795 1.061 1.423 2.045 3.008 4.548 6.823 10.012 13.547 16.169 17.285 16.914 15.388 13.437 11.468 9.479 7.613 5.979 4.688 3.703 2.940 2.326 1.829 1.448 1.155 0.922 0.733 0.579 0.461 0.372 0.304 0.251 0.209 0.177 0.152 0.132 0.116 0.104 0.093 0.084 0.076 0.070 0.064 0.058 0.053 0.049 0.045 0.041 0.038 0.035 0.032 0.029 0.026 0.024 0.022 0.019 0.018 0.016
