DepositFiles/ESRI_ASCII/MZRun056.txt
NCOLS    90
NROWS    50
XLLCORNER         225.000
YLLCORNER          32.500
CELLSIZE           0.500          0.500
NODATA_VALUE  0.000
[rows 0 to 33 of 50, columns 0 to 75 of 90]
0.000 0.000 0.000 0.000 0.000 0.000 0.000 0.000 0.000 0.000 0.000 0.000 0.000 0.000 0.001 0.002 0.003 0.006 0.008 0.012 0.016 0.022 0.029 0.036 0.043 0.050 0.059 0.070 0.081 0.091 0.100 0.111 0.125 0.139 0.151 0.160 0.168 0.177 0.184 0.187 0.187 0.186 0.184 0.179 0.170 0.158 0.144 0.130 0.115 0.100 0.085 0.071 0.059 0.048 0.038 0.030 0.023 0.017 0.013 0.009 0.007 0.005 0.003 0.002 0.002 0.001 0.001 0.000 0.000 0.000 0.000 0.000 0.000 0.000 0.000 0.000
0.000 0.000 0.000 0.000 0.000 0.000 0.000 0.000 0.000 0.000 0.000 0.000 0.000 0.000 0.001 0.002 0.005 0.008 0.013 0.018 0.025 0.036 0.048 0.061 0.073 0.085 0.101 0.121 0.142 0.164 0.184 0.207 0.235 0.265 0.294 0.317 0.339 0.360 0.380 0.395 0.403 0.407 0.406 0.397 0.381 0.357 0.331 0.303 0.273 0.242 0.210 0.181 0.155 0.130 0.108 0.088 0.071 0.057 0.045 0.035 0.027 0.021 0.016 0.012 0.008 0.006 0.004 0.003 0.002 0.001 0.001 0.001 0.000 0.000 0.000 0.000
0.000 0.000 0.000 0.000 0.000 0.000 0.000 0.000 0.000 0.000 0.000 0.000 0.000 0.000 0.001 0.002 0.006 0.011 0.019 0.028 0.040 0.056 0.076 0.100 0.123 0.145 0.172 0.206 0.246 0.289 0.330 0.375 0.429 0.488 0.547 0.596 0.641 0.685 0.728 0.764 0.785 0.792 0.787 0.769 0.736 0.692 0.643 0.591 0.535 0.476 0.418 0.365 0.318 0.274 0.231 0.193 0.161 0.134 0.110 0.089 0.071 0.057 0.046 0.036 0.028 0.021 0.016 0.012 0.009 0.007 0.005 0.004 0.003 0.002 0.001 0.001
0.000 0.000 0.000 0.000 0.000 0.000 0.000 0.000 0.000 0.000 0.000 0.000 0.000 0.000 0.001 0.003 0.007 0.015 0.026 0.041 0.059 0.083 0.115 0.154 0.195 0.234 0.280 0.337 0.405 0.483 0.561 0.644 0.739 0.844 0.949 1.042 1.125 1.205 1.284 1.348 1.381 1.385 1.368 1.330 1.265 1.183 1.096 1.005 0.910 0.811 0.714 0.628 0.552 0.481 0.412 0.349 0.297 0.253 0.214 0.178 0.147 0.122 0.101 0.083 0.068 0.055 0.045 0.037 0.030 0.025 0.022 0.018 0.016 0.014 0.012 0.011
0.000 0.000 0.000 0.000 0.000 0.000 0.000 0.000 0.000 0.000 0.000 0.000 0.000 0.000 0.001 0.003 0.008 0.018 0.034 0.056 0.083 0.119 0.167 0.227 0.295 0.363 0.438 0.531 0.644 0.777 0.917 1.063 1.224 1.397 1.572 1.730 1.872 2.008 2.136 2.228 2.264 2.253 2.211 2.131 2.011 1.866 1.718 1.569 1.416 1.260 1.107 0.975 0.859 0.751 0.648 0.555 0.478 0.413 0.356 0.305 0.262 0.228 0.202 0.181 0.163 0.149 0.138 0.128 0.119 0.110 0.102 0.093 0.085 0.077 0.069 0.062
0.000 0.000 0.000 0.000 0.000 0.000 0.000 0.000 0.000 0.000 0.000 0.000 0.000 0.000 0.001 0.003 0.008 0.020 0.041 0.072 0.112 0.164 0.233 0.323 0.430 0.544 0.668 0.820 1.002 1.221 1.457 1.703 1.965 2.241 2.517 2.771 3.002 3.219 3.403 3.516 3.541 3.498 3.405 3.252 3.045 2.809 2.574 2.343 2.110 1.875 1.650 1.456 1.288 1.134 0.991 0.866 0.766 0.687 0.622 0.569 0.526 0.492 0.464 0.437 0.409 0.381 0.353 0.326 0.299 0.273 0.248 0.225 0.202 0.180 0.160 0.142
0.000 0.000 0.000 0.000 0.000 0.000 0.000 0.000 0.000 0.000 0.000 0.000 0.000 0.000 0.001 0.004 0.009 0.022 0.047 0.089 0.146 0.219 0.319 0.450 0.613 0.796 0.996 1.240 1.532 1.884 2.268 2.666 3.080 3.504 3.923 4.314 4.676 4.996 5.233 5.352 5.340 5.240 5.058 4.795 4.468 4.109 3.760 3.424 3.093 2.764 2.455 2.196 1.979 1.790 1.624 1.486 1.382 1.298 1.222 1.146 1.071 0.999 0.929 0.858 0.789 0.722 0.658 0.598 0.541 0.488 0.439 0.393 0.350 0.311 0.275 0.243
0.000 0.000 0.000 0.000 0.000 0.000 0.000 0.000 0.000 0.000 0.000 0.000 0.000 0.000 0.001 0.004 0.010 0.025 0.054 0.108 0.186 0.288 0.430 0.617 0.857 1.142 1.460 1.848 2.309 2.861 3.463 4.086 4.720 5.354 5.971 6.554 7.088 7.520 7.792 7.887 7.805 7.600 7.285 6.876 6.398 5.891 5.412 4.965 4.538 4.129 3.762 3.463 3.225 3.016 2.820 2.640 2.473 2.311 2.149 1.985 1.827 1.676 1.533 1.396 1.267 1.147 1.034 0.931 0.835 0.747 0.667 0.593 0.526 0.464 0.409 0.359
0.000 0.000 0.000 0.000 0.000 0.000 0.000 0.000 0.000 0.000 0.000 0.000 0.000 0.000 0.001 0.004 0.012 0.029 0.064 0.130 0.233 0.373 0.571 0.834 1.179 1.609 2.105 2.710 3.425 4.271 5.187 6.127 7.070 7.994 8.880 9.717 10.451 10.981 11.264 11.288 11.086 10.733 10.260 9.693 9.060 8.413 7.820 7.285 6.793 6.333 5.920 5.556 5.226 4.885 4.542 4.204 3.880 3.569 3.268 2.979 2.708 2.454 2.219 2.001 1.800 1.616 1.447 1.293 1.153 1.027 0.912 0.808 0.713 0.628 0.551 0.483
0.000 0.000 0.000 0.000 0.000 0.000 0.000 0.000 0.000 0.000 0.000 0.000 0.000 0.000 0.001 0.004 0.013 0.033 0.074 0.155 0.285 0.473 0.742 1.107 1.597 2.235 2.995 3.922 5.016 6.281 7.633 9.012 10.377 11.694 12.939 14.090 15.027 15.634 15.906 15.820 15.463 14.955 14.338 13.634 12.877 12.136 11.470 10.861 10.245 9.618 9.000 8.378 7.771 7.162 6.567 5.998 5.459 4.950 4.473 4.031 3.624 3.251 2.912 2.604 2.326 2.074 1.847 1.643 1.459 1.293 1.144 1.009 0.888 0.779 0.682 0.596
0.000 0.000 0.000 0.000 0.000 0.000 0.000 0.000 0.000 0.000 0.000 0.000 0.000 0.000 0.001 0.004 0.013 0.036 0.085 0.183 0.351 0.600 0.963 1.465 2.157 3.091 4.237 5.634 7.270 9.115 11.057 13.022 14.951 16.791 18.497 20.018 21.142 21.848 22.120 21.922 21.446 20.868 20.203 19.429 18.572 17.691 16.796 15.892 14.866 13.818 12.769 11.733 10.717 9.731 8.802 7.938 7.131 6.386 5.704 5.089 4.535 4.036 3.588 3.188 2.830 2.511 2.226 1.970 1.741 1.536 1.352 1.188 1.041 0.911 0.794 0.692
0.000 0.000 0.000 0.000 0.000 0.000 0.000 0.000 0.000 0.000 0.000 0.000 0.000 0.000 0.001 0.004 0.014 0.040 0.099 0.219 0.435 0.769 1.259 1.953 2.931 4.279 5.964 8.016 10.400 13.027 15.746 18.477 21.146 23.672 25.969 27.908 29.299 30.202 30.545 30.319 29.817 29.219 28.504 27.553 26.367 25.064 23.589 22.017 20.346 18.668 17.052 15.477 13.953 12.512 11.189 9.990 8.891 7.890 6.992 6.196 5.490 4.861 4.298 3.798 3.351 2.953 2.599 2.284 2.005 1.755 1.533 1.339 1.169 1.019 0.886 0.768
0.000 0.000 0.000 0.000 0.000 0.000 0.000 0.000 0.000 0.000 0.000 0.000 0.000 0.000 0.001 0.004 0.015 0.045 0.115 0.264 0.540 0.985 1.648 2.611 3.995 5.907 8.307 11.220 14.576 18.210 21.932 25.658 29.295 32.719 35.770 38.204 40.007 41.197 41.644 41.399 40.880 40.200 39.149 37.635 35.666 33.512 31.175 28.705 26.182 23.748 21.469 19.288 17.209 15.283 13.553 12.017 10.630 9.375 8.253 7.260 6.384 5.606 4.912 4.296 3.751 3.270 2.848 2.478 2.155 1.871 1.622 1.408 1.224 1.064 0.923 0.800
0.000 0.000 0.000 0.000 0.000 0.000 0.000 0.000 0.000 0.000 0.000 0.000 0.000 0.000 0.001 0.004 0.015 0.049 0.133 0.315 0.663 1.251 2.143 3.481 5.427 8.089 11.405 15.390 19.944 24.819 29.805 34.813 39.714 44.309 48.279 51.262 53.514 54.964 55.441 55.146 54.364 53.181 51.221 48.613 45.494 42.161 38.700 35.181 31.729 28.507 25.550 22.772 20.160 17.768 15.633 13.752 12.068 10.552 9.205 8.020 6.983 6.069 5.262 4.555 3.936 3.399 2.935 2.533 2.183 1.875 1.607 1.381 1.190 1.028 0.886 0.765
0.000 0.000 0.000 0.000 0.000 0.000 0.000 0.000 0.000 0.000 0.000 0.000 0.000 0.000 0.001 0.004 0.016 0.053 0.150 0.373 0.805 1.562 2.755 4.603 7.302 10.929 15.394 20.699 26.695 33.068 39.613 46.240 52.732 58.760 63.648 67.155 69.810 71.365 71.698 71.001 69.393 67.006 63.638 59.391 54.695 50.022 45.413 40.888 36.567 32.579 28.953 25.581 22.439 19.590 17.081 14.902 12.966 11.233 9.703 8.366 7.202 6.174 5.265 4.467 3.773 3.176 2.671 2.243 1.880 1.572 1.315 1.108 0.941 0.804 0.690 0.597
0.000 0.000 0.000 0.000 0.000 0.000 0.000 0.000 0.000 0.000 0.000 0.000 0.000 0.000 0.001 0.005 0.017 0.058 0.170 0.439 0.975 1.943 3.525 6.044 9.728 14.575 20.473 27.390 35.124 43.321 51.796 60.414 68.833 76.404 82.000 86.068 88.865 90.183 89.915 88.026 84.935 80.644 75.130 68.929 62.756 56.874 51.219 45.747 40.548 35.788 31.531 27.631 24.025 20.781 17.945 15.489 13.285 11.288 9.510 7.957 6.631 5.504 4.536 3.712 3.014 2.432 1.953 1.561 1.248 1.000 0.809 0.665 0.557 0.475 0.410 0.361
0.000 0.000 0.000 0.000 0.000 0.000 0.000 0.000 0.000 0.000 0.000 0.000 0.000 0.000 0.001 0.005 0.019 0.064 0.193 0.516 1.181 2.417 4.502 7.875 12.760 19.086 26.711 35.540 45.347 55.763 66.551 77.503 87.995 96.683 102.997 107.352 109.955 110.673 108.931 105.164 99.624 92.693 85.107 77.367 69.905 62.930 56.320 49.955 43.947 38.485 33.636 29.210 25.066 21.267 17.891 14.970 12.445 10.246 8.358 6.763 5.433 4.312 3.364 2.583 1.958 1.470 1.096 0.814 0.605 0.453 0.346 0.272 0.222 0.187 0.162 0.147
0.000 0.000 0.000 0.000 0.000 0.000 0.000 0.000 0.000 0.000 0.000 0.000 0.000 0.000 0.001 0.006 0.022 0.071 0.217 0.597 1.415 2.969 5.666 10.053 16.322 24.329 33.912 44.924 57.154 70.127 83.411 96.476 108.376 117.966 124.884 129.297 131.397 130.230 126.317 119.502 111.160 102.321 93.296 84.409 75.987 68.188 60.725 53.531 46.713 40.368 34.576 29.196 24.286 19.974 16.304 13.249 10.665 8.451 6.567 5.003 3.743 2.743 1.966 1.381 0.949 0.638 0.421 0.276 0.182 0.123 0.086 0.063 0.049 0.040 0.034 0.031
0.000 0.000 0.000 0.000 0.000 0.000 0.000 0.000 0.000 0.000 0.000 0.000 0.000 0.000 0.001 0.007 0.024 0.081 0.246 0.692 1.682 3.605 7.003 12.524 20.333 30.180 41.892 55.336 70.236 85.745 100.966 115.499 128.422 138.818 146.027 149.741 149.694 146.269 138.951 129.513 119.656 109.794 99.965 90.320 81.085 72.399 63.866 55.268 46.907 39.300 32.640 26.772 21.623 17.200 13.486 10.414 7.858 5.760 4.112 2.864 1.945 1.277 0.802 0.484 0.281 0.160 0.091 0.053 0.032 0.020 0.013 0.009 0.007 0.006 0.005 0.004
0.000 0.000 0.000 0.000 0.000 0.000 0.000 0.000 0.000 0.000 0.000 0.000 0.000 0.000 0.002 0.008 0.029 0.095 0.289 0.820 2.011 4.355 8.529 15.281 24.774 36.649 50.687 66.835 84.312 101.605 118.065 133.445 146.900 157.577 164.150 166.350 164.195 157.294 147.677 137.209 126.653 116.165 105.585 94.819 84.012 73.438 62.924 52.799 43.501 35.334 28.337 22.257 16.987 12.594 9.115 6.462 4.449 2.943 1.860 1.123 0.647 0.354 0.184 0.094 0.047 0.024 0.012 0.006 0.003 0.002 0.001 0.001 0.001 0.000 0.000 0.000
0.000 0.000 0.000 0.000 0.000 0.000 0.000 0.000 0.000 0.000 0.000 0.000 0.000 0.000 0.002 0.009 0.036 0.118 0.356 1.000 2.437 5.265 10.288 18.343 29.655 43.785 60.452 79.231 98.438 116.832 133.851 149.305 162.998 174.238 181.066 181.156 175.335 166.184 155.273 143.955 132.768 121.179 108.608 95.274 82.082 69.548 57.733 46.756 36.781 28.140 20.984 15.212 10.657 7.190 4.662 2.896 1.702 0.940 0.491 0.245 0.118 0.055 0.025 0.011 0.005 0.002 0.001 0.000 0.000 0.000 0.000 0.000 0.000 0.000 0.000 0.000
0.000 0.000 0.000 0.000 0.000 0.000 0.000 0.000 0.000 0.000 0.000 0.000 0.000 0.000 0.003 0.012 0.045 0.147 0.438 1.203 2.894 6.206 12.051 21.291 34.375 50.831 70.019 90.732 110.695 128.992 145.893 162.695 180.048 193.649 197.719 193.782 184.718 173.269 161.288 149.416 136.730 122.094 106.416 90.735 75.710 61.684 48.515 36.655 26.739 18.860 12.841 8.337 5.091 2.902 1.554 0.790 0.382 0.177 0.079 0.035 0.015 0.006 0.002 0.001 0.000 0.000 0.000 0.000 0.000 0.000 0.000 0.000 0.000 0.000 0.000 0.000
0.000 0.000 0.000 0.000 0.000 0.000 0.000 0.000 0.000 0.000 0.000 0.000 0.000 0.001 0.003 0.014 0.052 0.169 0.495 1.333 3.183 6.815 13.169 23.134 37.804 56.728 78.144 98.818 117.501 136.181 156.825 181.493 203.358 212.828 211.449 201.639 188.812 176.206 163.639 149.983 134.017 116.745 99.013 81.064 63.893 48.564 35.589 24.961 16.632 10.432 6.087 3.271 1.616 0.750 0.334 0.148 0.065 0.029 0.012 0.005 0.002 0.001 0.000 0.000 0.000 0.000 0.000 0.000 0.000 0.000 0.000 0.000 0.000 0.000 0.000 0.000
0.000 0.000 0.000 0.000 0.000 0.000 0.000 0.000 0.000 0.000 0.000 0.000 0.000 0.001 0.003 0.014 0.054 0.176 0.509 1.352 3.221 6.927 13.436 23.837 40.210 61.474 82.343 101.166 120.927 145.839 180.159 212.835 228.203 227.851 215.445 199.552 185.449 172.491 158.402 142.662 124.868 104.779 83.625 64.242 47.634 33.897 22.824 14.291 8.181 4.256 2.042 0.916 0.388 0.166 0.072 0.032 0.014 0.006 0.002 0.001 0.000 0.000 0.000 0.000 0.000 0.000 0.000 0.000 0.000 0.000 0.000 0.000 0.000 0.000 0.000 0.000
0.000 0.000 0.000 0.000 0.000 0.000 0.000 0.000 0.000 0.000 0.000 0.000 0.000 0.001 0.003 0.014 0.052 0.167 0.478 1.265 3.023 6.596 12.927 23.544 41.595 62.612 81.631 101.801 130.688 178.275 224.802 245.830 243.763 225.882 204.774 188.319 174.854 161.400 146.244 128.399 106.134 83.732 63.555 46.167 31.808 20.477 12.077 6.485 3.214 1.514 0.699 0.306 0.132 0.058 0.025 0.010 0.004 0.001 0.000 0.000 0.000 0.000 0.000 0.000 0.000 0.000 0.000 0.000 0.000 0.000 0.000 0.000 0.000 0.000 0.000 0.000
0.000 0.000 0.000 0.000 0.000 0.000 0.000 0.000 0.000 0.000 0.000 0.000 0.000 0.000 0.002 0.011 0.042 0.137 0.398 1.059 2.562 5.744 11.485 21.944 40.472 59.646 79.392 111.987 172.754 233.725 262.980 257.999 232.577 204.519 185.110 171.001 158.161 143.974 126.060 104.435 82.207 61.805 44.133 29.485 18.167 10.356 5.581 2.915 1.499 0.757 0.366 0.166 0.072 0.029 0.010 0.003 0.001 0.000 0.000 0.000 0.000 0.000 0.000 0.000 0.000 0.000 0.000 0.000 0.000 0.000 0.000 0.000 0.000 0.000 0.000 0.000
0.000 0.000 0.000 0.000 0.000 0.000 0.000 0.000 0.000 0.000 0.000 0.000 0.000 0.000 0.002 0.008 0.030 0.100 0.296 0.799 1.947 4.439 9.220 19.103 36.515 53.482 83.228 148.676 222.903 266.322 262.304 231.977 198.042 174.882 161.368 150.308 137.738 121.076 100.944 79.812 59.707 42.047 27.480 16.661 9.647 5.521 3.140 1.758 0.961 0.506 0.250 0.116 0.047 0.016 0.005 0.001 0.000 0.000 0.000 0.000 0.000 0.000 0.000 0.000 0.000 0.000 0.000 0.000 0.000 0.000 0.000 0.000 0.000 0.000 0.000 0.000
0.000 0.000 0.000 0.000 0.000 0.000 0.000 0.000 0.000 0.000 0.000 0.000 0.000 0.000 0.001 0.005 0.018 0.063 0.191 0.527 1.285 2.984 6.616 15.496 28.286 47.870 97.842 173.747 231.165 240.104 211.661 179.428 157.368 146.475 139.464 129.813 115.022 96.505 76.782 57.728 40.473 26.402 16.309 9.913 6.052 3.681 2.204 1.289 0.730 0.392 0.198 0.089 0.035 0.012 0.003 0.001 0.000 0.000 0.000 0.000 0.000 0.000 0.000 0.000 0.000 0.000 0.000 0.000 0.000 0.000 0.000 0.000 0.000 0.000 0.000 0.000
0.000 0.000 0.000 0.000 0.000 0.000 0.000 0.000 0.000 0.000 0.000 0.000 0.000 0.000 0.000 0.002 0.009 0.033 0.102 0.285 0.719 1.710 4.028 10.315 19.473 45.086 101.211 153.178 169.984 158.200 144.286 134.320 129.954 127.045 121.023 108.707 91.804 73.426 55.625 39.525 26.332 16.938 10.854 6.995 4.487 2.833 1.750 1.053 0.608 0.334 0.171 0.081 0.035 0.013 0.005 0.001 0.000 0.000 0.000 0.000 0.000 0.000 0.000 0.000 0.000 0.000 0.000 0.000 0.000 0.000 0.000 0.000 0.000 0.000 0.000 0.000
0.000 0.000 0.000 0.000 0.000 0.000 0.000 0.000 0.000 0.000 0.000 0.000 0.000 0.000 0.000 0.001 0.004 0.014 0.045 0.128 0.347 0.857 2.150 5.739 13.707 44.787 64.006 79.111 93.344 103.818 110.914 114.215 113.857 110.545 101.584 87.195 70.266 53.682 39.103 27.241 18.365 12.319 8.271 5.508 3.609 2.317 1.459 0.898 0.538 0.309 0.169 0.087 0.042 0.018 0.007 0.002 0.001 0.000 0.000 0.000 0.000 0.000 0.000 0.000 0.000 0.000 0.000 0.000 0.000 0.000 0.000 0.000 0.000 0.000 0.000 0.000
0.000 0.000 0.000 0.000 0.000 0.000 0.000 0.000 0.000 0.000 0.000 0.000 0.000 0.000 0.000 0.000 0.001 0.005 0.017 0.054 0.151 0.415 1.180 3.310 9.941 20.673 35.748 53.545 70.905 86.027 95.285 98.496 97.695 91.863 81.319 67.033 52.122 39.048 28.539 20.328 14.108 9.688 6.619 4.473 2.973 1.942 1.255 0.803 0.505 0.309 0.182 0.102 0.054 0.027 0.012 0.005 0.002 0.001 0.000 0.000 0.000 0.000 0.000 0.000 0.000 0.000 0.000 0.000 0.000 0.000 0.000 0.000 0.000 0.000 0.000 0.000
0.000 0.000 0.000 0.000 0.000 0.000 0.000 0.000 0.000 0.000 0.000 0.000 0.000 0.000 0.000 0.000 0.000 0.002 0.006 0.020 0.063 0.197 0.591 1.926 5.786 14.943 28.200 44.515 60.585 72.923 79.840 81.539 78.606 72.000 62.095 49.883 38.352 28.885 21.393 15.411 10.791 7.505 5.216 3.597 2.444 1.637 1.090 0.723 0.475 0.306 0.192 0.116 0.067 0.037 0.019 0.009 0.004 0.001 0.000 0.000 0.000 0.000 0.000 0.000 0.000 0.000 0.000 0.000 0.000 0.000 0.000 0.000 0.000 0.000 0.000 0.000
0.000 0.000 0.000 0.000 0.000 0.000 0.000 0.000 0.000 0.000 0.000 0.000 0.000 0.000 0.000 0.000 0.000 0.000 0.002 0.007 0.022 0.074 0.243 0.853 2.983 8.968 18.785 30.786 43.331 53.823 59.400 60.682 58.494 53.300 45.410 36.228 27.938 21.232 15.874 11.547 8.200 5.813 4.123 2.902 2.012 1.376 0.939 0.642 0.437 0.294 0.194 0.125 0.078 0.047 0.026 0.014 0.007 0.003 0.001 0.000 0.000 0.000 0.000 0.000 0.000 0.000 0.000 0.000 0.000 0.000 0.000 0.000 0.000 0.000 0.000 0.000
0.000 0.000 0.000 0.000 0.000 0.000 0.000 0.000 0.000 0.000 0.000 0.000 0.000 0.000 0.000 0.000 0.000 0.000 0.000 0.002 0.007 0.025 0.093 0.351 1.363 4.743 10.895 19.359 28.825 36.890 41.491 42.737 41.270 37.678 32.159 25.830 20.200 15.595 11.829 8.717 6.274 4.515 3.254 2.327 1.639 1.140 0.796 0.560 0.394 0.275 0.189 0.128 0.084 0.054 0.033 0.019 0.010 0.005 0.002 0.001 0.000 0.000 0.000 0.000 0.000 0.000 0.000 0.000 0.000 0.000 0.000 0.000 0.000 0.000 0.000 0.000
