DepositFiles/ESRI_ASCII/MZRun026.txt
NCOLS    90
NROWS    50
XLLCORNER         225.000
YLLCORNER          32.500
CELLSIZE           0.500          0.500
NODATA_VALUE  0.000
[rows 0 to 33 of 50, columns 0 to 75 of 90]
0.000 0.000 0.000 0.000 0.000 0.000 0.000 0.000 0.000 0.000 0.000 0.000 0.001 0.001 0.002 0.003 0.004 0.005 0.006 0.007 0.009 0.011 0.013 0.015 0.017 0.020 0.023 0.026 0.030 0.032 0.035 0.038 0.042 0.045 0.047 0.049 0.053 0.059 0.068 0.079 0.090 0.100 0.108 0.113 0.114 0.111 0.107 0.102 0.095 0.087 0.078 0.070 0.061 0.053 0.044 0.037 0.030 0.024 0.019 0.015 0.011 0.009 0.006 0.005 0.003 0.002 0.002 0.001 0.001 0.001 0.000 0.000 0.000 0.000 0.000 0.000
0.000 0.000 0.000 0.000 0.000 0.000 0.000 0.000 0.000 0.000 0.000 0.000 0.001 0.001 0.002 0.004 0.005 0.007 0.009 0.011 0.014 0.017 0.021 0.025 0.029 0.032 0.037 0.042 0.049 0.054 0.058 0.064 0.071 0.077 0.084 0.093 0.103 0.119 0.142 0.170 0.196 0.218 0.234 0.243 0.246 0.242 0.234 0.225 0.214 0.199 0.181 0.162 0.144 0.125 0.107 0.090 0.075 0.062 0.051 0.041 0.033 0.026 0.021 0.016 0.012 0.009 0.007 0.005 0.004 0.003 0.002 0.001 0.001 0.001 0.000 0.000
0.000 0.000 0.000 0.000 0.000 0.000 0.000 0.000 0.000 0.000 0.000 0.000 0.001 0.002 0.003 0.005 0.008 0.011 0.015 0.018 0.022 0.027 0.034 0.041 0.048 0.054 0.061 0.070 0.081 0.090 0.099 0.109 0.122 0.136 0.152 0.172 0.199 0.242 0.294 0.350 0.401 0.439 0.465 0.479 0.482 0.475 0.462 0.446 0.423 0.393 0.356 0.319 0.283 0.248 0.213 0.180 0.152 0.128 0.107 0.087 0.071 0.057 0.046 0.037 0.029 0.023 0.018 0.014 0.011 0.008 0.006 0.005 0.003 0.002 0.002 0.001
0.000 0.000 0.000 0.000 0.000 0.000 0.000 0.000 0.000 0.000 0.000 0.000 0.001 0.002 0.004 0.007 0.011 0.016 0.022 0.028 0.034 0.042 0.052 0.064 0.076 0.087 0.099 0.114 0.130 0.147 0.163 0.183 0.206 0.231 0.263 0.308 0.374 0.457 0.555 0.660 0.744 0.799 0.833 0.851 0.854 0.840 0.816 0.785 0.739 0.679 0.611 0.544 0.482 0.421 0.362 0.307 0.261 0.221 0.186 0.154 0.126 0.104 0.086 0.070 0.057 0.045 0.036 0.029 0.023 0.018 0.014 0.011 0.008 0.006 0.005 0.003
0.000 0.000 0.000 0.000 0.000 0.000 0.000 0.000 0.000 0.000 0.000 0.000 0.001 0.003 0.006 0.010 0.016 0.023 0.033 0.043 0.053 0.065 0.080 0.099 0.120 0.138 0.158 0.181 0.207 0.235 0.266 0.300 0.340 0.386 0.451 0.549 0.672 0.822 0.998 1.160 1.273 1.344 1.387 1.410 1.409 1.382 1.334 1.268 1.177 1.067 0.948 0.837 0.736 0.639 0.546 0.461 0.390 0.330 0.278 0.231 0.191 0.159 0.133 0.110 0.090 0.073 0.060 0.049 0.040 0.032 0.025 0.020 0.016 0.012 0.010 0.007
0.000 0.000 0.000 0.000 0.000 0.000 0.000 0.000 0.000 0.000 0.000 0.001 0.002 0.004 0.009 0.014 0.022 0.033 0.048 0.064 0.080 0.099 0.122 0.151 0.184 0.216 0.248 0.286 0.327 0.374 0.429 0.489 0.559 0.644 0.777 0.954 1.172 1.435 1.703 1.919 2.062 2.150 2.203 2.229 2.217 2.158 2.061 1.930 1.765 1.577 1.385 1.209 1.052 0.904 0.765 0.640 0.538 0.454 0.381 0.317 0.262 0.219 0.183 0.153 0.126 0.104 0.086 0.071 0.059 0.049 0.040 0.033 0.027 0.023 0.019 0.016
0.000 0.000 0.000 0.000 0.000 0.000 0.000 0.000 0.000 0.000 0.000 0.001 0.002 0.006 0.012 0.020 0.031 0.046 0.068 0.094 0.120 0.149 0.183 0.228 0.280 0.334 0.386 0.446 0.514 0.593 0.687 0.793 0.916 1.082 1.320 1.626 2.008 2.415 2.780 3.044 3.212 3.317 3.379 3.396 3.353 3.232 3.047 2.810 2.535 2.240 1.946 1.681 1.443 1.225 1.028 0.856 0.718 0.604 0.507 0.422 0.351 0.294 0.248 0.209 0.177 0.151 0.132 0.118 0.108 0.099 0.091 0.084 0.077 0.069 0.062 0.055
0.000 0.000 0.000 0.000 0.000 0.000 0.000 0.000 0.000 0.000 0.001 0.002 0.004 0.009 0.017 0.029 0.044 0.066 0.097 0.135 0.176 0.220 0.272 0.340 0.421 0.507 0.592 0.691 0.802 0.935 1.097 1.281 1.509 1.811 2.220 2.755 3.350 3.919 4.362 4.657 4.843 4.960 5.018 5.002 4.887 4.653 4.323 3.930 3.501 3.057 2.625 2.239 1.901 1.604 1.340 1.115 0.934 0.788 0.666 0.565 0.485 0.430 0.393 0.366 0.345 0.325 0.305 0.284 0.263 0.241 0.220 0.199 0.179 0.159 0.141 0.124
0.000 0.000 0.000 0.000 0.000 0.000 0.000 0.000 0.000 0.001 0.001 0.003 0.006 0.013 0.025 0.042 0.063 0.093 0.136 0.191 0.254 0.320 0.398 0.502 0.625 0.761 0.898 1.060 1.245 1.472 1.750 2.082 2.495 3.029 3.744 4.567 5.403 6.120 6.603 6.907 7.103 7.224 7.252 7.155 6.899 6.474 5.925 5.307 4.667 4.029 3.422 2.892 2.437 2.046 1.709 1.433 1.228 1.086 0.991 0.923 0.867 0.817 0.766 0.713 0.660 0.607 0.555 0.505 0.456 0.410 0.366 0.325 0.288 0.253 0.222 0.194
0.000 0.000 0.000 0.000 0.000 0.000 0.000 0.000 0.000 0.001 0.002 0.004 0.009 0.019 0.034 0.058 0.087 0.129 0.188 0.265 0.357 0.457 0.573 0.730 0.916 1.129 1.351 1.618 1.929 2.318 2.806 3.390 4.119 5.061 6.156 7.317 8.413 9.204 9.694 10.006 10.207 10.317 10.268 10.013 9.514 8.791 7.918 6.990 6.070 5.180 4.363 3.663 3.092 2.649 2.331 2.116 1.954 1.815 1.681 1.552 1.427 1.307 1.191 1.077 0.967 0.864 0.769 0.682 0.603 0.531 0.466 0.409 0.358 0.312 0.271 0.236
0.000 0.000 0.000 0.000 0.000 0.000 0.000 0.000 0.001 0.002 0.003 0.007 0.013 0.026 0.046 0.079 0.117 0.175 0.255 0.362 0.496 0.642 0.818 1.057 1.340 1.672 2.032 2.472 3.006 3.678 4.500 5.505 6.768 8.228 9.791 11.351 12.620 13.405 13.936 14.265 14.486 14.548 14.343 13.799 12.897 11.708 10.375 9.048 7.784 6.634 5.672 4.962 4.442 4.018 3.644 3.306 3.003 2.720 2.451 2.197 1.959 1.740 1.538 1.355 1.190 1.042 0.912 0.796 0.693 0.602 0.523 0.453 0.392 0.339 0.293 0.253
0.000 0.000 0.000 0.000 0.000 0.000 0.000 0.000 0.001 0.002 0.005 0.010 0.018 0.036 0.062 0.105 0.156 0.235 0.341 0.489 0.680 0.890 1.157 1.520 1.949 2.470 3.055 3.799 4.701 5.806 7.177 8.866 10.829 12.941 15.052 16.958 18.244 19.129 19.746 20.158 20.375 20.262 19.695 18.619 17.094 15.282 13.463 11.802 10.386 9.218 8.211 7.328 6.540 5.834 5.191 4.606 4.075 3.591 3.151 2.757 2.406 2.093 1.815 1.569 1.352 1.162 0.996 0.851 0.725 0.615 0.521 0.442 0.375 0.318 0.271 0.232
0.000 0.000 0.000 0.000 0.000 0.000 0.000 0.001 0.001 0.003 0.007 0.014 0.025 0.047 0.080 0.137 0.203 0.310 0.448 0.651 0.912 1.211 1.606 2.143 2.790 3.599 4.542 5.749 7.216 9.040 11.275 13.869 16.715 19.591 22.285 24.391 25.820 26.927 27.709 28.125 28.095 27.507 26.294 24.500 22.300 20.085 18.134 16.283 14.533 12.873 11.372 10.000 8.746 7.621 6.628 5.762 4.997 4.315 3.712 3.184 2.724 2.319 1.962 1.650 1.381 1.150 0.955 0.790 0.652 0.537 0.443 0.367 0.306 0.256 0.215 0.182
0.000 0.000 0.000 0.000 0.000 0.000 0.000 0.001 0.002 0.004 0.009 0.018 0.032 0.060 0.101 0.172 0.256 0.395 0.571 0.843 1.186 1.602 2.173 2.946 3.894 5.107 6.587 8.516 10.869 13.763 17.149 20.913 24.829 28.629 31.927 34.196 35.928 37.196 37.958 38.131 37.603 36.419 34.621 32.375 29.832 27.190 24.452 21.743 19.099 16.606 14.365 12.372 10.605 9.058 7.729 6.594 5.601 4.723 3.957 3.296 2.731 2.249 1.839 1.495 1.209 0.975 0.785 0.631 0.508 0.409 0.331 0.269 0.221 0.183 0.152 0.128
0.000 0.000 0.000 0.000 0.000 0.000 0.000 0.001 0.002 0.006 0.011 0.023 0.040 0.074 0.122 0.207 0.311 0.485 0.704 1.059 1.498 2.069 2.870 3.951 5.322 7.134 9.406 12.328 15.872 20.230 25.162 30.392 35.639 40.549 44.193 46.634 48.505 49.893 50.670 50.665 49.857 48.483 46.277 43.058 39.165 35.126 31.004 26.912 23.059 19.609 16.632 14.050 11.791 9.827 8.153 6.742 5.538 4.510 3.646 2.934 2.352 1.873 1.478 1.157 0.900 0.698 0.539 0.416 0.322 0.251 0.199 0.160 0.130 0.107 0.090 0.076
0.000 0.000 0.000 0.000 0.000 0.000 0.000 0.001 0.003 0.007 0.014 0.028 0.048 0.086 0.142 0.237 0.362 0.571 0.837 1.291 1.846 2.622 3.729 5.227 7.196 9.812 13.119 17.345 22.570 28.862 35.659 42.655 49.423 55.125 58.780 61.455 63.814 65.898 67.213 67.576 66.779 64.422 60.047 54.543 48.463 42.311 36.357 30.781 25.774 21.431 17.727 14.525 11.763 9.451 7.554 6.022 4.774 3.746 2.908 2.232 1.695 1.268 0.934 0.682 0.498 0.363 0.266 0.195 0.144 0.109 0.084 0.066 0.053 0.044 0.038 0.033
0.000 0.000 0.000 0.000 0.000 0.000 0.000 0.002 0.004 0.009 0.016 0.032 0.055 0.095 0.158 0.260 0.406 0.644 0.965 1.537 2.219 3.258 4.749 6.779 9.543 13.195 17.832 23.764 31.146 39.671 48.562 57.405 65.332 71.179 75.278 79.215 83.397 87.219 89.736 89.978 87.103 81.341 73.588 64.859 55.980 47.570 39.863 32.875 26.692 21.423 17.073 13.466 10.509 8.125 6.236 4.741 3.538 2.580 1.842 1.298 0.904 0.618 0.413 0.272 0.178 0.116 0.076 0.051 0.035 0.024 0.018 0.014 0.011 0.009 0.008 0.007
0.000 0.000 0.000 0.000 0.000 0.000 0.001 0.002 0.004 0.010 0.018 0.035 0.058 0.101 0.169 0.274 0.441 0.698 1.080 1.766 2.585 3.937 5.860 8.531 12.290 17.181 23.386 31.404 41.285 52.171 63.150 73.240 81.464 87.950 94.535 101.999 109.784 115.577 117.780 114.691 106.812 96.236 84.313 72.169 60.501 49.861 40.316 32.022 25.058 19.388 14.854 11.222 8.281 5.956 4.189 2.896 1.957 1.284 0.817 0.506 0.305 0.179 0.103 0.060 0.035 0.021 0.013 0.008 0.005 0.003 0.002 0.002 0.001 0.001 0.001 0.001
0.000 0.000 0.000 0.000 0.000 0.000 0.001 0.002 0.005 0.011 0.019 0.038 0.060 0.106 0.174 0.283 0.467 0.735 1.188 1.953 2.926 4.630 6.969 10.388 15.288 21.526 29.540 40.051 52.594 65.756 78.061 88.155 97.050 107.538 120.204 133.546 144.230 149.156 146.363 136.065 121.892 106.267 90.043 74.155 59.701 47.350 36.952 28.315 21.216 15.470 10.966 7.509 4.973 3.180 1.971 1.179 0.675 0.369 0.195 0.102 0.052 0.027 0.014 0.007 0.003 0.002 0.001 0.000 0.000 0.000 0.000 0.000 0.000 0.000 0.000 0.000
0.000 0.000 0.000 0.000 0.000 0.000 0.001 0.002 0.005 0.011 0.019 0.039 0.062 0.111 0.176 0.292 0.483 0.763 1.286 2.098 3.260 5.289 8.044 12.385 18.486 26.117 36.350 49.674 64.727 79.345 91.494 102.079 116.347 136.062 157.168 174.931 183.266 180.878 168.323 150.107 129.285 107.684 87.060 68.886 53.603 40.939 30.370 21.643 14.739 9.629 6.002 3.546 1.955 1.020 0.506 0.243 0.113 0.050 0.022 0.010 0.004 0.002 0.001 0.000 0.000 0.000 0.000 0.000 0.000 0.000 0.000 0.000 0.000 0.000 0.000 0.000
0.000 0.000 0.000 0.000 0.000 0.000 0.001 0.002 0.005 0.012 0.020 0.041 0.064 0.116 0.180 0.307 0.498 0.803 1.379 2.220 3.611 5.901 9.147 14.565 21.830 31.181 44.034 60.036 76.644 91.337 103.596 120.375 147.437 178.931 206.397 219.242 217.157 202.722 179.082 151.389 123.733 98.614 76.885 58.329 42.865 30.374 20.529 13.034 7.691 4.141 2.044 0.912 0.379 0.146 0.054 0.019 0.007 0.002 0.001 0.000 0.000 0.000 0.000 0.000 0.000 0.000 0.000 0.000 0.000 0.000 0.000 0.000 0.000 0.000 0.000 0.000
0.000 0.000 0.000 0.000 0.000 0.000 0.001 0.002 0.005 0.012 0.021 0.042 0.066 0.119 0.183 0.319 0.509 0.849 1.441 2.337 3.927 6.332 10.152 16.483 24.798 36.207 51.368 68.576 85.311 99.907 118.411 151.657 194.405 234.161 254.035 253.342 236.904 206.383 171.937 138.637 109.031 83.093 61.191 43.519 29.604 18.867 10.973 5.722 2.639 1.065 0.385 0.123 0.031 0.007 0.001 0.000 0.000 0.000 0.000 0.000 0.000 0.000 0.000 0.000 0.000 0.000 0.000 0.000 0.000 0.000 0.000 0.000 0.000 0.000 0.000 0.000
0.000 0.000 0.000 0.000 0.000 0.000 0.001 0.002 0.005 0.012 0.021 0.042 0.066 0.117 0.180 0.317 0.503 0.863 1.418 2.370 3.994 6.420 10.639 17.331 26.469 39.589 56.356 75.125 95.085 118.459 155.641 207.450 255.165 282.249 284.197 265.609 229.331 189.122 151.110 116.656 86.932 62.919 43.828 28.756 17.213 9.143 4.299 1.810 0.675 0.242 0.085 0.027 0.006 0.001 0.000 0.000 0.000 0.000 0.000 0.000 0.000 0.000 0.000 0.000 0.000 0.000 0.000 0.000 0.000 0.000 0.000 0.000 0.000 0.000 0.000 0.000
0.000 0.000 0.000 0.000 0.000 0.000 0.001 0.002 0.006 0.011 0.021 0.040 0.064 0.111 0.172 0.302 0.479 0.831 1.341 2.304 3.817 6.224 10.508 17.070 27.471 44.842 72.063 106.707 147.164 188.345 242.240 287.379 309.712 306.032 282.862 244.057 199.785 156.802 118.798 88.142 63.458 43.569 27.734 15.718 7.827 3.536 1.513 0.641 0.285 0.129 0.056 0.022 0.006 0.001 0.000 0.000 0.000 0.000 0.000 0.000 0.000 0.000 0.000 0.000 0.000 0.000 0.000 0.000 0.000 0.000 0.000 0.000 0.000 0.000 0.000 0.000
0.000 0.000 0.000 0.000 0.000 0.000 0.001 0.002 0.005 0.011 0.020 0.036 0.060 0.100 0.160 0.278 0.446 0.776 1.243 2.184 3.514 5.864 10.023 17.093 32.585 61.601 111.299 171.790 235.721 293.010 344.708 356.275 334.150 288.683 245.399 199.235 153.351 116.472 86.987 62.848 42.850 26.738 14.765 7.239 3.362 1.577 0.769 0.395 0.205 0.105 0.051 0.022 0.008 0.002 0.000 0.000 0.000 0.000 0.000 0.000 0.000 0.000 0.000 0.000 0.000 0.000 0.000 0.000 0.000 0.000 0.000 0.000 0.000 0.000 0.000 0.000
0.000 0.000 0.000 0.000 0.000 0.000 0.001 0.002 0.005 0.009 0.018 0.031 0.052 0.086 0.138 0.237 0.386 0.664 1.068 1.883 3.014 5.187 8.935 17.769 43.045 96.889 196.473 308.461 391.448 431.943 427.276 374.991 302.742 229.235 184.158 143.422 110.344 83.521 60.814 41.578 25.886 14.311 7.196 3.536 1.790 0.955 0.532 0.297 0.166 0.092 0.049 0.024 0.010 0.004 0.001 0.000 0.000 0.000 0.000 0.000 0.000 0.000 0.000 0.000 0.000 0.000 0.000 0.000 0.000 0.000 0.000 0.000 0.000 0.000 0.000 0.000
0.000 0.000 0.000 0.000 0.000 0.000 0.000 0.001 0.004 0.007 0.014 0.025 0.042 0.069 0.112 0.192 0.318 0.543 0.872 1.528 2.446 4.256 7.602 19.598 59.907 168.126 371.198 529.955 591.128 544.000 427.813 326.558 224.360 159.706 128.649 102.416 79.464 58.970 41.039 26.016 14.608 7.529 3.865 2.090 1.175 0.677 0.399 0.236 0.140 0.083 0.048 0.026 0.013 0.006 0.002 0.001 0.000 0.000 0.000 0.000 0.000 0.000 0.000 0.000 0.000 0.000 0.000 0.000 0.000 0.000 0.000 0.000 0.000 0.000 0.000 0.000
0.000 0.000 0.000 0.000 0.000 0.000 0.000 0.001 0.003 0.005 0.011 0.019 0.033 0.054 0.089 0.151 0.252 0.421 0.677 1.158 1.846 3.217 6.054 20.043 70.043 238.369 540.009 704.651 692.722 540.266 355.452 234.624 145.847 111.357 94.314 76.291 58.065 41.212 26.554 15.112 7.949 4.291 2.435 1.426 0.850 0.515 0.318 0.197 0.122 0.076 0.046 0.027 0.015 0.007 0.003 0.001 0.000 0.000 0.000 0.000 0.000 0.000 0.000 0.000 0.000 0.000 0.000 0.000 0.000 0.000 0.000 0.000 0.000 0.000 0.000 0.000
0.000 0.000 0.000 0.000 0.000 0.000 0.000 0.001 0.002 0.004 0.008 0.015 0.026 0.041 0.067 0.114 0.188 0.308 0.495 0.801 1.292 2.204 4.352 16.930 65.305 262.223 590.411 713.437 628.592 414.311 234.400 145.578 96.960 85.347 73.259 57.244 40.892 26.431 15.341 8.527 4.868 2.874 1.736 1.066 0.659 0.411 0.259 0.164 0.106 0.069 0.044 0.027 0.016 0.009 0.005 0.002 0.001 0.000 0.000 0.000 0.000 0.000 0.000 0.000 0.000 0.000 0.000 0.000 0.000 0.000 0.000 0.000 0.000 0.000 0.000 0.000
0.000 0.000 0.000 0.000 0.000 0.000 0.000 0.000 0.001 0.003 0.006 0.011 0.019 0.030 0.048 0.082 0.129 0.209 0.326 0.505 0.838 1.355 2.749 9.923 48.980 220.768 411.772 447.568 361.446 222.322 134.044 91.571 74.041 66.178 53.870 39.114 25.542 15.540 9.333 5.626 3.408 2.092 1.297 0.808 0.507 0.321 0.208 0.138 0.092 0.062 0.042 0.028 0.018 0.011 0.006 0.003 0.002 0.001 0.000 0.000 0.000 0.000 0.000 0.000 0.000 0.000 0.000 0.000 0.000 0.000 0.000 0.000 0.000 0.000 0.000 0.000
0.000 0.000 0.000 0.000 0.000 0.000 0.000 0.000 0.001 0.002 0.004 0.007 0.013 0.020 0.032 0.052 0.080 0.129 0.190 0.310 0.503 0.888 1.822 4.776 28.202 69.770 116.300 140.909 134.779 103.494 77.165 61.921 54.199 46.366 35.476 24.280 15.776 10.151 6.457 4.009 2.457 1.520 0.952 0.607 0.393 0.258 0.173 0.118 0.082 0.057 0.040 0.028 0.019 0.012 0.008 0.005 0.003 0.001 0.001 0.000 0.000 0.000 0.000 0.000 0.000 0.000 0.000 0.000 0.000 0.000 0.000 0.000 0.000 0.000 0.000 0.000
0.000 0.000 0.000 0.000 0.000 0.000 0.000 0.000 0.000 0.001 0.002 0.004 0.008 0.012 0.020 0.031 0.049 0.076 0.115 0.195 0.326 0.642 1.303 3.123 8.215 21.487 40.696 55.247 58.670 53.015 46.116 40.719 36.206 29.714 22.112 15.252 10.218 6.711 4.298 2.691 1.683 1.076 0.703 0.467 0.313 0.211 0.145 0.102 0.073 0.052 0.038 0.027 0.019 0.013 0.009 0.006 0.004 0.002 0.001 0.001 0.000 0.000 0.000 0.000 0.000 0.000 0.000 0.000 0.000 0.000 0.000 0.000 0.000 0.000 0.000 0.000
0.000 0.000 0.000 0.000 0.000 0.000 0.000 0.000 0.000 0.001 0.001 0.003 0.004 0.008 0.012 0.018 0.030 0.044 0.073 0.116 0.217 0.431 0.986 2.299 4.944 9.247 14.760 20.535 25.199 27.695 27.610 25.636 22.288 17.918 13.249 9.201 6.229 4.175 2.769 1.814 1.186 0.790 0.535 0.365 0.250 0.172 0.121 0.087 0.063 0.046 0.034 0.025 0.019 0.014 0.010 0.007 0.005 0.003 0.002 0.001 0.001 0.000 0.000 0.000 0.000 0.000 0.000 0.000 0.000 0.000 0.000 0.000 0.000 0.000 0.000 0.000
0.000 0.000 0.000 0.000 0.000 0.000 0.000 0.000 0.000 0.000 0.001 0.001 0.002 0.004 0.007 0.011 0.016 0.026 0.040 0.072 0.134 0.301 0.728 1.759 3.654 6.212 9.165 12.291 15.015 16.567 16.437 15.013 12.800 10.247 7.714 5.545 3.931 2.767 1.923 1.306 0.876 0.593 0.406 0.281 0.194 0.136 0.097 0.071 0.053 0.040 0.030 0.023 0.017 0.013 0.010 0.007 0.005 0.004 0.002 0.001 0.001 0.000 0.000 0.000 0.000 0.000 0.000 0.000 0.000 0.000 0.000 0.000 0.000 0.000 0.000 0.000
