DepositFiles/ESRI_ASCII/MZRun041.txt
NCOLS    90
NROWS    50
XLLCORNER         225.000
YLLCORNER          32.500
CELLSIZE           0.500          0.500
NODATA_VALUE  0.000
[rows 0 to 33 of 50, columns 0 to 75 of 90]
0.000 0.000 0.000 0.000 0.000 0.000 0.000 0.000 0.000 0.000 0.000 0.001 0.002 0.004 0.007 0.011 0.016 0.021 0.026 0.032 0.041 0.053 0.066 0.079 0.091 0.106 0.127 0.153 0.182 0.210 0.239 0.275 0.320 0.373 0.426 0.474 0.525 0.583 0.644 0.699 0.740 0.772 0.792 0.793 0.772 0.729 0.680 0.628 0.573 0.515 0.456 0.403 0.355 0.310 0.266 0.225 0.190 0.160 0.132 0.107 0.085 0.067 0.053 0.041 0.030 0.022 0.017 0.012 0.009 0.006 0.004 0.003 0.002 0.002 0.001 0.001
0.000 0.000 0.000 0.000 0.000 0.000 0.000 0.000 0.000 0.000 0.000 0.001 0.002 0.005 0.008 0.014 0.022 0.032 0.041 0.050 0.063 0.081 0.104 0.128 0.151 0.176 0.209 0.252 0.303 0.357 0.412 0.477 0.557 0.651 0.751 0.843 0.937 1.041 1.151 1.248 1.316 1.356 1.367 1.352 1.295 1.215 1.127 1.041 0.953 0.862 0.769 0.686 0.610 0.536 0.465 0.398 0.341 0.293 0.249 0.208 0.173 0.145 0.121 0.100 0.081 0.066 0.053 0.043 0.034 0.027 0.021 0.016 0.013 0.010 0.007 0.005
0.000 0.000 0.000 0.000 0.000 0.000 0.000 0.000 0.000 0.000 0.000 0.001 0.003 0.006 0.011 0.019 0.032 0.047 0.064 0.081 0.101 0.129 0.166 0.209 0.254 0.298 0.355 0.428 0.516 0.617 0.721 0.839 0.980 1.144 1.320 1.487 1.653 1.831 2.011 2.161 2.250 2.279 2.267 2.201 2.086 1.943 1.799 1.665 1.530 1.389 1.245 1.114 0.995 0.879 0.765 0.658 0.568 0.490 0.420 0.355 0.297 0.251 0.212 0.178 0.147 0.121 0.100 0.083 0.068 0.056 0.045 0.036 0.029 0.023 0.018 0.014
0.000 0.000 0.000 0.000 0.000 0.000 0.000 0.000 0.000 0.000 0.000 0.001 0.004 0.008 0.016 0.027 0.044 0.068 0.097 0.126 0.158 0.202 0.260 0.332 0.413 0.493 0.588 0.709 0.858 1.034 1.220 1.423 1.659 1.927 2.213 2.489 2.762 3.039 3.296 3.490 3.573 3.565 3.486 3.335 3.131 2.906 2.695 2.498 2.297 2.084 1.867 1.669 1.489 1.315 1.146 0.988 0.855 0.741 0.638 0.543 0.458 0.390 0.332 0.281 0.236 0.196 0.164 0.138 0.115 0.095 0.078 0.064 0.053 0.043 0.035 0.028
0.000 0.000 0.000 0.000 0.000 0.000 0.000 0.000 0.000 0.000 0.000 0.001 0.004 0.012 0.022 0.037 0.061 0.097 0.142 0.192 0.245 0.312 0.404 0.520 0.658 0.800 0.960 1.159 1.405 1.699 2.015 2.354 2.729 3.145 3.584 4.016 4.434 4.825 5.149 5.349 5.384 5.292 5.092 4.815 4.501 4.177 3.877 3.590 3.291 2.969 2.644 2.349 2.082 1.829 1.584 1.359 1.171 1.012 0.871 0.742 0.628 0.537 0.460 0.393 0.333 0.280 0.237 0.201 0.171 0.143 0.120 0.100 0.084 0.069 0.057 0.047
0.000 0.000 0.000 0.000 0.000 0.000 0.000 0.000 0.000 0.000 0.001 0.002 0.006 0.016 0.032 0.054 0.086 0.136 0.204 0.287 0.374 0.480 0.623 0.806 1.035 1.279 1.549 1.879 2.279 2.753 3.270 3.815 4.395 5.016 5.664 6.302 6.901 7.403 7.752 7.903 7.836 7.587 7.209 6.777 6.330 5.880 5.455 5.034 4.588 4.110 3.629 3.196 2.807 2.445 2.102 1.792 1.535 1.321 1.132 0.962 0.815 0.696 0.597 0.512 0.436 0.370 0.318 0.275 0.239 0.208 0.182 0.159 0.140 0.122 0.107 0.093
0.000 0.000 0.000 0.000 0.000 0.000 0.000 0.000 0.000 0.001 0.001 0.003 0.009 0.022 0.046 0.078 0.123 0.192 0.292 0.423 0.565 0.730 0.952 1.236 1.605 2.014 2.468 3.008 3.644 4.395 5.213 6.058 6.928 7.830 8.749 9.645 10.433 11.007 11.314 11.339 11.080 10.588 9.983 9.367 8.757 8.140 7.534 6.918 6.267 5.578 4.890 4.273 3.726 3.225 2.759 2.345 2.007 1.727 1.484 1.270 1.089 0.946 0.831 0.736 0.655 0.585 0.529 0.481 0.437 0.396 0.358 0.322 0.288 0.256 0.227 0.200
0.000 0.000 0.000 0.000 0.000 0.000 0.000 0.000 0.001 0.001 0.002 0.006 0.014 0.033 0.067 0.115 0.179 0.277 0.420 0.615 0.839 1.094 1.436 1.875 2.459 3.131 3.873 4.728 5.725 6.886 8.128 9.388 10.654 11.925 13.181 14.356 15.293 15.856 16.021 15.805 15.224 14.395 13.535 12.707 11.890 11.044 10.187 9.305 8.375 7.400 6.452 5.615 4.881 4.225 3.633 3.120 2.709 2.377 2.099 1.861 1.662 1.503 1.371 1.254 1.143 1.039 0.945 0.858 0.776 0.699 0.628 0.561 0.499 0.442 0.390 0.343
0.000 0.000 0.000 0.000 0.000 0.000 0.000 0.001 0.001 0.002 0.005 0.011 0.023 0.049 0.096 0.166 0.256 0.394 0.596 0.878 1.218 1.609 2.133 2.809 3.719 4.775 5.937 7.265 8.797 10.528 12.339 14.153 15.933 17.663 19.295 20.715 21.696 22.124 22.012 21.393 20.335 19.161 18.033 16.966 15.884 14.729 13.534 12.293 10.993 9.694 8.470 7.401 6.481 5.677 4.968 4.368 3.892 3.509 3.181 2.888 2.623 2.386 2.169 1.967 1.778 1.602 1.442 1.296 1.162 1.038 0.925 0.822 0.727 0.641 0.564 0.495
0.000 0.000 0.000 0.000 0.000 0.000 0.000 0.001 0.002 0.004 0.008 0.017 0.035 0.070 0.134 0.230 0.355 0.544 0.823 1.220 1.722 2.314 3.106 4.128 5.486 7.081 8.859 10.884 13.162 15.644 18.200 20.722 23.146 25.418 27.426 28.976 29.847 29.987 29.444 28.214 26.655 25.155 23.782 22.460 21.048 19.502 17.883 16.180 14.459 12.789 11.237 9.895 8.762 7.802 6.978 6.271 5.665 5.119 4.615 4.147 3.719 3.337 2.993 2.680 2.393 2.132 1.897 1.685 1.493 1.321 1.165 1.026 0.902 0.791 0.692 0.605
0.000 0.000 0.000 0.000 0.000 0.000 0.001 0.001 0.003 0.006 0.013 0.026 0.051 0.098 0.180 0.307 0.476 0.733 1.113 1.660 2.378 3.247 4.404 5.909 7.895 10.258 12.914 15.886 19.152 22.615 26.105 29.497 32.693 35.568 37.900 39.400 39.996 39.725 38.546 36.625 34.656 32.938 31.426 29.865 28.048 25.974 23.706 21.360 19.078 16.950 15.069 13.478 12.109 10.874 9.730 8.684 7.738 6.882 6.106 5.406 4.778 4.220 3.724 3.282 2.887 2.535 2.226 1.953 1.711 1.497 1.308 1.143 0.998 0.870 0.757 0.659
0.000 0.000 0.000 0.000 0.000 0.000 0.001 0.002 0.004 0.009 0.018 0.036 0.069 0.131 0.237 0.402 0.630 0.973 1.482 2.220 3.214 4.451 6.100 8.275 11.121 14.508 18.290 22.493 27.035 31.725 36.351 40.774 44.852 48.373 50.906 52.206 52.427 51.621 49.675 47.297 45.161 43.469 41.812 39.764 37.189 34.204 31.064 28.047 25.272 22.739 20.426 18.286 16.319 14.493 12.811 11.283 9.902 8.664 7.565 6.598 5.751 5.010 4.359 3.790 3.292 2.858 2.480 2.151 1.864 1.612 1.394 1.206 1.044 0.903 0.780 0.675
0.000 0.000 0.000 0.000 0.000 0.000 0.001 0.002 0.005 0.012 0.024 0.047 0.090 0.168 0.302 0.515 0.814 1.264 1.937 2.915 4.254 5.963 8.249 11.288 15.197 19.835 24.999 30.701 36.775 42.924 48.884 54.507 59.591 63.790 66.399 67.362 67.212 65.721 63.341 60.876 58.794 56.963 54.737 51.746 48.123 44.216 40.423 36.713 33.090 29.655 26.488 23.530 20.737 18.147 15.809 13.733 11.890 10.265 8.848 7.624 6.570 5.656 4.860 4.169 3.571 3.052 2.605 2.220 1.888 1.601 1.357 1.152 0.980 0.835 0.713 0.611
0.000 0.000 0.000 0.000 0.000 0.000 0.001 0.003 0.007 0.014 0.030 0.060 0.114 0.210 0.375 0.640 1.022 1.597 2.468 3.745 5.508 7.796 10.863 14.939 20.107 26.188 32.924 40.331 48.151 55.974 63.463 70.474 76.705 81.556 83.998 84.696 84.068 82.069 79.652 77.274 75.191 72.947 69.889 65.979 61.320 56.368 51.238 46.192 41.292 36.674 32.415 28.428 24.710 21.325 18.324 15.719 13.449 11.468 9.758 8.292 7.040 5.957 5.016 4.206 3.513 2.924 2.427 2.006 1.654 1.362 1.123 0.931 0.776 0.650 0.547 0.466
0.000 0.000 0.000 0.000 0.000 0.000 0.001 0.003 0.008 0.018 0.038 0.074 0.141 0.256 0.453 0.771 1.240 1.953 3.043 4.664 6.919 9.907 13.938 19.265 25.865 33.494 41.913 51.145 60.848 70.503 79.758 88.372 95.890 101.108 103.400 103.843 102.470 100.404 98.265 96.473 94.566 91.964 88.013 82.406 75.754 68.937 62.091 55.335 48.879 42.901 37.457 32.428 27.792 23.626 19.998 16.903 14.228 11.904 9.908 8.218 6.795 5.589 4.565 3.706 2.991 2.403 1.921 1.527 1.210 0.959 0.764 0.616 0.501 0.413 0.345 0.293
0.000 0.000 0.000 0.000 0.000 0.000 0.001 0.004 0.010 0.022 0.047 0.091 0.170 0.304 0.534 0.903 1.464 2.325 3.659 5.662 8.474 12.283 17.454 24.233 32.447 41.784 52.029 63.240 74.987 86.658 97.866 108.155 116.646 121.793 124.065 123.776 122.267 120.927 120.484 119.851 118.160 114.226 107.500 99.113 89.896 80.677 71.766 63.275 55.278 47.904 41.244 35.151 29.598 24.667 20.420 16.840 13.798 11.210 9.042 7.257 5.797 4.587 3.579 2.753 2.093 1.576 1.178 0.881 0.666 0.509 0.394 0.311 0.250 0.205 0.172 0.147
0.000 0.000 0.000 0.000 0.000 0.000 0.002 0.004 0.012 0.027 0.056 0.107 0.199 0.349 0.612 1.036 1.696 2.723 4.343 6.791 10.235 14.969 21.403 29.752 39.710 50.863 63.104 76.451 90.368 104.124 116.850 127.988 136.462 141.805 144.047 143.752 143.719 145.880 148.195 148.261 144.373 136.844 126.428 114.373 102.196 90.768 80.083 69.945 60.321 51.471 43.528 36.307 29.803 24.144 19.390 15.489 12.274 9.611 7.423 5.644 4.221 3.089 2.212 1.559 1.086 0.751 0.516 0.354 0.245 0.172 0.124 0.093 0.073 0.060 0.051 0.045
0.000 0.000 0.000 0.000 0.000 0.001 0.002 0.005 0.014 0.030 0.063 0.121 0.220 0.387 0.683 1.160 1.923 3.132 5.070 8.004 12.131 17.827 25.519 35.411 47.086 60.024 74.199 89.503 105.252 120.322 133.743 144.998 153.459 158.971 161.208 163.338 169.747 176.960 180.727 177.946 169.423 156.608 141.677 126.368 111.941 98.769 86.377 74.351 62.959 52.571 43.334 35.130 27.957 21.895 16.928 12.927 9.651 6.999 4.938 3.410 2.308 1.516 0.958 0.585 0.350 0.207 0.124 0.075 0.048 0.031 0.022 0.016 0.012 0.010 0.008 0.007
0.000 0.000 0.000 0.000 0.000 0.001 0.002 0.006 0.015 0.033 0.068 0.131 0.239 0.423 0.751 1.285 2.164 3.575 5.855 9.289 14.115 20.736 29.620 40.923 54.121 68.609 84.331 101.101 118.015 133.841 147.376 157.834 165.616 171.269 177.487 190.151 204.915 214.222 213.719 204.121 188.334 170.175 151.806 134.251 117.925 102.870 88.471 74.742 61.811 50.168 40.045 31.285 23.764 17.473 12.460 8.640 5.810 3.760 2.335 1.391 0.790 0.425 0.220 0.113 0.059 0.031 0.017 0.009 0.005 0.003 0.002 0.001 0.001 0.001 0.001 0.000
0.000 0.000 0.000 0.000 0.000 0.001 0.002 0.006 0.015 0.035 0.072 0.141 0.260 0.465 0.832 1.438 2.454 4.102 6.748 10.705 16.214 23.716 33.752 46.347 60.832 76.517 93.374 111.064 128.640 144.456 156.369 165.337 173.872 186.160 208.065 232.669 248.875 251.325 240.310 220.922 198.477 176.158 155.350 135.993 118.166 101.619 85.765 70.411 56.201 43.616 32.855 23.810 16.497 10.916 6.889 4.144 2.340 1.233 0.607 0.284 0.129 0.057 0.025 0.011 0.005 0.002 0.001 0.000 0.000 0.000 0.000 0.000 0.000 0.000 0.000 0.000
0.000 0.000 0.000 0.000 0.000 0.001 0.002 0.006 0.017 0.037 0.079 0.157 0.290 0.528 0.946 1.651 2.842 4.767 7.796 12.288 18.463 26.795 37.915 51.655 67.147 83.778 101.483 119.882 137.370 151.133 161.195 171.813 190.315 224.359 262.877 286.832 291.506 278.142 253.221 224.062 197.239 173.579 152.334 132.247 113.221 94.743 76.788 59.930 44.878 32.247 22.178 14.395 8.677 4.777 2.407 1.102 0.464 0.180 0.067 0.024 0.008 0.003 0.001 0.000 0.000 0.000 0.000 0.000 0.000 0.000 0.000 0.000 0.000 0.000 0.000 0.000
0.000 0.000 0.000 0.000 0.000 0.001 0.002 0.007 0.018 0.041 0.088 0.176 0.329 0.604 1.082 1.910 3.293 5.492 8.867 13.827 20.539 29.448 41.153 55.398 71.542 89.054 107.734 126.299 141.552 153.235 165.873 190.200 237.530 293.339 328.032 333.962 316.068 281.870 245.626 214.787 189.541 166.873 144.981 123.431 101.745 80.987 61.853 45.024 31.005 20.002 11.890 6.388 3.029 1.263 0.453 0.141 0.038 0.010 0.003 0.001 0.000 0.000 0.000 0.000 0.000 0.000 0.000 0.000 0.000 0.000 0.000 0.000 0.000 0.000 0.000 0.000
0.000 0.000 0.000 0.000 0.000 0.001 0.003 0.007 0.020 0.045 0.096 0.194 0.366 0.674 1.210 2.160 3.711 6.105 9.668 14.808 21.559 30.449 42.172 56.576 73.379 91.878 110.816 127.206 140.265 154.884 183.408 242.487 315.119 362.252 371.940 349.275 304.197 260.970 227.632 200.743 177.156 154.496 131.188 106.991 83.863 62.951 44.744 29.657 17.984 9.830 4.809 2.111 0.827 0.295 0.095 0.025 0.005 0.001 0.000 0.000 0.000 0.000 0.000 0.000 0.000 0.000 0.000 0.000 0.000 0.000 0.000 0.000 0.000 0.000 0.000 0.000
0.000 0.000 0.000 0.000 0.000 0.001 0.003 0.008 0.021 0.047 0.103 0.208 0.396 0.722 1.303 2.318 3.917 6.318 9.833 14.868 21.388 30.048 41.463 55.647 72.845 91.456 108.706 123.275 138.548 168.617 234.456 320.456 381.861 397.415 370.655 317.332 267.818 231.126 202.675 180.101 159.018 135.403 110.118 85.553 63.209 43.900 28.107 16.297 8.540 4.126 1.930 0.889 0.404 0.175 0.068 0.021 0.004 0.000 0.000 0.000 0.000 0.000 0.000 0.000 0.000 0.000 0.000 0.000 0.000 0.000 0.000 0.000 0.000 0.000 0.000 0.000
0.000 0.000 0.000 0.000 0.000 0.001 0.003 0.008 0.021 0.048 0.106 0.214 0.406 0.733 1.320 2.336 3.919 6.253 9.642 14.463 20.529 28.552 39.038 52.666 69.857 87.475 103.319 118.163 144.948 209.837 301.524 377.663 400.699 372.835 317.012 263.152 223.031 196.077 176.393 158.300 136.190 110.751 85.622 62.512 42.522 26.524 15.163 8.188 4.340 2.307 1.238 0.655 0.335 0.161 0.070 0.026 0.007 0.001 0.000 0.000 0.000 0.000 0.000 0.000 0.000 0.000 0.000 0.000 0.000 0.000 0.000 0.000 0.000 0.000 0.000 0.000
0.000 0.000 0.000 0.000 0.000 0.001 0.002 0.007 0.019 0.044 0.098 0.198 0.376 0.678 1.221 2.169 3.646 5.784 8.831 13.109 18.403 25.490 34.889 48.223 65.008 81.614 96.323 116.582 166.641 254.891 339.457 370.821 349.035 295.658 243.727 207.371 184.512 168.562 153.176 133.467 109.007 83.900 60.749 40.735 25.219 14.837 8.645 5.071 2.972 1.724 0.990 0.561 0.309 0.164 0.080 0.035 0.013 0.003 0.001 0.000 0.000 0.000 0.000 0.000 0.000 0.000 0.000 0.000 0.000 0.000 0.000 0.000 0.000 0.000 0.000 0.000
0.000 0.000 0.000 0.000 0.000 0.001 0.002 0.006 0.015 0.036 0.081 0.165 0.319 0.575 1.043 1.865 3.148 4.952 7.500 11.023 15.385 21.397 29.606 42.550 58.077 73.950 89.467 118.901 182.872 264.888 306.206 295.625 255.655 215.568 188.762 172.806 160.518 146.807 128.216 105.493 81.166 58.467 39.202 24.828 15.410 9.624 6.017 3.715 2.261 1.366 0.828 0.501 0.298 0.171 0.093 0.047 0.021 0.008 0.002 0.000 0.000 0.000 0.000 0.000 0.000 0.000 0.000 0.000 0.000 0.000 0.000 0.000 0.000 0.000 0.000 0.000
0.000 0.000 0.000 0.000 0.000 0.000 0.001 0.004 0.011 0.028 0.064 0.132 0.259 0.468 0.856 1.528 2.562 3.972 5.944 8.642 12.008 16.801 23.707 35.858 48.884 65.048 84.772 119.536 173.977 217.765 220.898 204.022 183.976 170.711 162.463 153.503 139.800 121.392 100.349 77.949 56.336 38.365 25.312 16.598 10.876 7.063 4.523 2.862 1.806 1.146 0.732 0.466 0.292 0.179 0.105 0.059 0.030 0.014 0.005 0.002 0.000 0.000 0.000 0.000 0.000 0.000 0.000 0.000 0.000 0.000 0.000 0.000 0.000 0.000 0.000 0.000
0.000 0.000 0.000 0.000 0.000 0.000 0.001 0.003 0.008 0.021 0.049 0.103 0.203 0.368 0.670 1.184 1.949 2.976 4.381 6.284 8.712 12.259 17.798 28.411 38.451 58.910 81.941 108.017 132.417 147.901 153.258 154.059 153.117 150.587 144.785 132.034 114.166 94.433 74.064 54.636 38.292 26.339 18.079 12.333 8.282 5.468 3.575 2.333 1.529 1.008 0.668 0.443 0.292 0.189 0.119 0.072 0.041 0.022 0.010 0.004 0.002 0.000 0.000 0.000 0.000 0.000 0.000 0.000 0.000 0.000 0.000 0.000 0.000 0.000 0.000 0.000
0.000 0.000 0.000 0.000 0.000 0.000 0.001 0.002 0.006 0.015 0.037 0.077 0.152 0.275 0.491 0.852 1.366 2.043 2.958 4.187 5.827 8.302 12.657 21.037 31.117 54.974 70.190 84.087 100.149 115.909 127.565 134.112 135.506 132.255 122.637 106.918 88.520 69.991 53.115 38.867 27.750 19.680 13.851 9.612 6.547 4.396 2.939 1.969 1.327 0.902 0.618 0.426 0.293 0.199 0.132 0.085 0.053 0.031 0.017 0.009 0.004 0.002 0.001 0.000 0.000 0.000 0.000 0.000 0.000 0.000 0.000 0.000 0.000 0.000 0.000 0.000
0.000 0.000 0.000 0.000 0.000 0.000 0.000 0.001 0.004 0.010 0.025 0.052 0.102 0.182 0.317 0.537 0.836 1.249 1.796 2.578 3.698 5.470 8.996 15.209 26.391 38.089 52.606 69.298 86.814 102.121 112.305 116.548 115.799 109.722 98.407 82.664 66.159 51.463 39.250 29.221 21.242 15.301 10.922 7.678 5.291 3.597 2.445 1.675 1.161 0.813 0.575 0.409 0.292 0.207 0.144 0.099 0.065 0.042 0.025 0.014 0.008 0.004 0.002 0.001 0.000 0.000 0.000 0.000 0.000 0.000 0.000 0.000 0.000 0.000 0.000 0.000
0.000 0.000 0.000 0.000 0.000 0.000 0.000 0.001 0.002 0.006 0.015 0.031 0.061 0.107 0.185 0.306 0.478 0.725 1.062 1.577 2.327 3.674 6.168 11.659 20.254 31.574 44.994 59.808 75.009 87.590 94.713 96.387 93.696 86.840 75.901 62.296 49.380 38.575 29.696 22.250 16.246 11.788 8.488 6.024 4.200 2.898 2.011 1.412 1.004 0.721 0.522 0.381 0.280 0.205 0.149 0.107 0.075 0.050 0.033 0.020 0.012 0.007 0.003 0.002 0.001 0.000 0.000 0.000 0.000 0.000 0.000 0.000 0.000 0.000 0.000 0.000
0.000 0.000 0.000 0.000 0.000 0.000 0.000 0.000 0.001 0.003 0.008 0.017 0.034 0.060 0.105 0.173 0.276 0.417 0.622 0.927 1.414 2.305 4.170 8.279 15.387 24.790 35.899 48.045 60.063 69.754 74.703 75.402 72.546 66.270 56.987 46.308 36.721 28.828 22.260 16.690 12.215 8.908 6.461 4.633 3.275 2.300 1.632 1.174 0.855 0.628 0.464 0.346 0.260 0.196 0.147 0.109 0.080 0.056 0.039 0.026 0.017 0.010 0.006 0.003 0.002 0.001 0.000 0.000 0.000 0.000 0.000 0.000 0.000 0.000 0.000 0.000
0.000 0.000 0.000 0.000 0.000 0.000 0.000 0.000 0.001 0.001 0.004 0.009 0.018 0.033 0.057 0.096 0.150 0.229 0.340 0.514 0.798 1.402 2.744 5.792 11.220 18.582 27.290 36.870 46.202 53.423 56.857 56.892 54.185 49.028 41.810 33.964 27.071 21.357 16.530 12.415 9.121 6.693 4.904 3.565 2.560 1.827 1.318 0.967 0.719 0.539 0.407 0.310 0.238 0.184 0.142 0.109 0.082 0.060 0.044 0.031 0.021 0.014 0.009 0.005 0.003 0.001 0.000 0.000 0.000 0.000 0.000 0.000 0.000 0.000 0.000 0.000
